2000 8000
807 1249
73 1658
930 1272
1544 878
1923 1709
440 165
492 1042
1987 503
327 1729
840 612
303 1169
1709 1157
1560 933
1099 278
1816 1335
1097 1826
1512 1267
1810 1633
979 1149
579 821
1967 672
1393 1336
1485 1745
1228 91
194 357
1001 1153
708 1944
1668 1490
124 196
1530 903
1722 666
549 24
1801 853
977 1408
228 933
298 981
635 13
1865 1814
1063 536
1425 1669
115 94
1629 501
517 195
105 404
1451 298
188 1123
1505 882
752 1566
716 337
438 1144
1501 897
1871 1828
1137 1358
1177 397
294 1904
1609 231
1745 175
1635 298
142 399
1968 412
260 1557
1594 8
395 1968
1113 530
1006 962
1942 1365
82 1852
767 1821
1695 712
1671 1901
590 831
738 1057
1616 1790
1640 679
1335 1006
1972 98
1095 1319
1454 1223
289 760
905 126
123 1506
1813 770
1238 1094
220 1844
366 534
1226 1394
1363 738
1844 1590
550 1159
623 947
1385 1217
1272 1539
1247 385
1496 885
623 420
144 1968
1735 1915
1625 1534
42 11
679 152
1244 1295
818 396
1692 1815
991 33
669 1397
1553 547
1825 1210
1662 211
1808 1377
761 625
1335 1868
1995 776
767 1439
1874 1331
556 301
872 560
94 984
1755 1789
1407 15
193 769
1680 1455
855 1506
963 1502
676 1108
1249 331
1844 1638
808 1997
651 849
1203 1731
531 14
1419 775
9 180
1929 1223
54 260
737 1545
1317 1525
200 256
1564 597
648 1704
1550 1150
1976 1412
554 797
504 381
748 1065
1378 1699
209 1129
553 1483
447 607
773 1322
305 1176
53 1224
630 366
1400 444
1370 285
1016 1898
155 1133
1557 576
1178 266
1357 1711
1878 614
819 1737
1133 591
1720 762
633 197
31 588
589 873
877 1304
1358 1200
1254 960
915 1947
1480 1730
1955 546
1107 1238
0 926
1035 857
1113 114
1593 1360
354 418
1357 585
1729 1015
563 102
917 643
1419 967
1747 1269
1395 1303
473 1103
1748 385
1658 1459
1406 1930
1824 1132
973 1603
897 1920
1950 1231
480 203
1900 520
533 1258
1003 676
950 1934
780 1879
1832 574
1549 542
249 771
310 1879
983 1970
40 723
1650 971
1229 318
1746 299
1230 1621
776 124
244 958
1696 771
1064 1560
598 751
1940 503
1551 801
1205 1080
418 1274
1649 413
1320 1025
12 1783
788 117
8 1550
1324 1195
1257 511
1690 666
410 593
553 1565
960 742
1403 352
1307 141
910 1200
799 1127
171 1787
414 1625
641 1517
1348 1842
315 1974
1445 1373
220 1911
1239 1054
1305 929
253 189
1166 356
1304 1860
1898 1592
1720 116
1580 867
1352 939
698 901
811 616
891 671
1728 671
1661 1045
1120 240
1158 1453
1627 1350
1711 1563
1594 1533
1727 1827
795 1531
1442 1516
1006 515
924 601
1097 661
1103 324
108 936
281 1015
1710 1216
1905 1973
1781 720
791 1169
1865 1827
1536 728
1125 384
167 1949
476 46
1576 666
1467 520
1384 1991
1210 1258
211 744
1518 1718
1934 825
767 689
1818 1014
1825 918
28 1029
34 727
1240 1754
540 396
935 1083
48 865
1011 1252
1064 1876
1237 675
245 710
415 192
710 747
1037 1299
447 1715
1693 1579
1129 1164
1979 1501
1525 289
958 33
1800 1089
1670 1217
846 1038
1543 338
1936 1321
1719 496
1247 1788
359 1987
1035 1235
1912 1684
1989 1784
1734 667
519 615
1045 1976
661 1825
819 1631
903 698
798 639
4 1503
679 765
1391 107
924 365
1121 454
1106 1450
1703 832
1032 141
1654 1977
217 1900
1289 1465
747 1622
1879 1317
1516 48
762 1029
1039 708
1903 657
761 1752
1466 621
557 996
955 930
1494 1555
221 1312
293 1427
232 1444
791 198
1152 856
1570 303
1439 914
1799 766
1835 1921
43 752
86 1719
1150 410
623 669
1605 1943
1311 431
1992 1816
699 971
639 1370
1836 1891
857 833
1328 177
410 1683
1176 1489
91 434
711 904
1026 891
790 522
1364 890
884 813
1441 1127
179 1784
537 1870
1561 581
165 1802
1732 1332
1854 1759
1847 377
462 1010
1819 150
1377 941
1836 720
299 112
759 1956
390 152
48 1014
1044 918
150 101
1295 1821
1731 501
245 961
57 1510
1928 805
173 137
1669 1096
503 1421
675 518
300 489
262 54
263 643
889 1250
735 1415
1364 494
963 1758
1652 1092
1316 714
1420 60
1450 1368
741 1847
1196 787
501 234
1128 571
1448 1875
1253 1871
1329 293
1719 1471
820 1764
1079 630
410 80
113 1342
138 382
44 828
393 1575
980 1000
1596 1947
1370 87
543 733
852 261
824 400
380 778
1857 1423
1498 1014
845 1662
509 610
849 1218
1290 1055
1743 555
385 534
275 1321
1151 1226
1251 459
783 714
437 1879
1698 100
1137 285
1878 284
342 915
1960 1067
1140 707
1566 728
562 363
1969 890
623 278
1313 1761
1010 840
978 0
1394 507
1656 551
1786 1431
544 739
776 1584
252 108
1514 1454
1019 1028
671 370
663 1947
24 543
854 8
981 552
288 163
359 1019
1379 1356
1461 487
353 1899
1788 244
1880 466
283 1274
236 909
567 1834
1939 1684
1651 1549
1266 1467
110 1589
327 1773
1581 1295
1936 1874
1435 231
972 1028
1798 1070
587 297
1089 646
1090 111
612 1463
112 1781
1951 1230
1321 1213
1128 1950
600 959
1754 1992
1194 1330
632 1559
777 1779
632 1272
383 1081
1153 622
521 1956
1818 1591
900 196
120 704
1599 1129
1144 1175
870 416
599 1080
618 288
1452 128
800 1662
840 1149
385 583
515 659
878 1959
561 382
48 54
1440 1381
770 28
251 1544
1869 1595
469 710
172 1923
125 219
850 1431
1243 1846
1869 670
1394 610
392 1064
1524 1361
1519 1620
1562 1661
1725 1434
1949 90
1322 260
93 1928
1122 381
366 468
1023 722
639 1517
793 1364
1178 1956
771 341
1355 836
489 1728
1120 902
312 1616
1347 1946
851 672
1811 523
1736 605
1607 633
1866 1553
1412 1925
40 1153
257 1733
295 139
251 1258
694 160
1138 1929
1875 598
292 1633
562 1276
1236 646
1873 1464
1484 192
119 1842
1328 859
262 145
1716 1127
172 748
0 370
1398 1292
1545 928
300 143
192 1563
783 272
1801 9
221 486
513 1769
531 1357
1819 1486
856 1816
254 1754
1814 615
537 966
1297 877
1760 1412
191 231
174 463
877 324
784 1833
750 1527
999 1429
1609 144
1364 451
812 1979
134 407
1583 1600
259 310
753 1891
1321 1225
1253 1929
96 553
661 858
1491 963
920 768
1687 526
1472 1219
1641 204
951 92
445 1370
1474 1962
176 1317
1826 413
1344 571
1979 1035
129 1288
1848 978
1617 1723
1838 1508
929 926
1968 1806
1199 255
1829 1276
1488 1896
819 1864
1137 416
318 491
683 398
1120 1748
1961 1651
1018 1977
1946 661
1478 228
1063 1235
1506 1308
968 1679
119 1323
1677 1392
953 978
1853 1295
271 475
204 962
32 819
1531 35
1468 468
610 234
1270 778
265 1045
1279 1075
1327 687
1363 1037
1766 534
1083 675
184 1555
156 1399
1664 93
1886 633
924 47
194 1330
767 1665
910 1682
805 314
1652 241
1585 1591
1806 760
1960 912
403 1430
1085 200
585 467
484 1988
1200 1686
100 1495
199 1102
428 1183
1917 1136
1802 489
578 1725
789 722
595 605
319 691
721 1774
514 1862
1706 1283
626 419
1801 330
1644 375
1258 1462
1131 736
720 308
1024 947
508 411
1397 0
314 1896
1999 1645
533 962
539 1754
821 286
536 10
662 173
493 635
988 571
838 821
891 413
560 1957
92 743
1775 768
413 415
636 1891
1347 369
832 134
928 1143
879 906
1054 1807
537 1203
421 1447
1034 1949
1416 1759
1938 550
1183 186
1096 1685
524 1922
363 1181
1012 1251
202 1495
1536 1454
208 980
31 830
95 714
1112 136
1937 9
1685 919
381 1610
1908 1609
1439 867
119 1266
999 520
515 577
1922 1142
1980 1881
885 30
325 436
994 1945
602 1233
480 1456
834 517
881 781
1458 805
992 160
651 201
542 1944
1635 1555
1872 1443
1322 1013
441 781
1779 1518
1160 1729
955 1082
1364 1032
1313 1195
328 504
1855 1711
1881 1610
1904 551
1616 761
864 1405
122 1113
943 636
1118 994
188 1743
1639 502
343 1070
219 212
1317 1932
1782 97
1859 1073
1590 819
10 911
1015 978
542 45
270 562
1008 1983
1099 709
213 550
951 665
1502 1617
953 1299
1916 1584
1869 1442
1503 1515
329 1257
1382 264
1352 1154
526 27
755 1259
952 1386
1422 1129
1786 1549
1879 1198
890 603
686 443
827 1585
198 587
817 31
1476 1461
1563 214
383 832
1722 1511
791 871
142 733
1553 30
380 704
915 887
1110 681
1558 786
1433 40
659 1936
1562 938
1754 526
1526 1712
1595 621
1177 341
1158 1054
20 1197
727 451
1462 332
937 804
57 405
907 1943
258 539
1343 1697
281 965
1457 1605
117 412
1624 184
1459 299
216 740
851 1846
922 893
615 49
1361 1649
1231 1796
123 696
1444 1250
238 431
1359 1935
1265 1801
387 437
1948 1120
1424 1894
775 1903
989 286
845 143
1257 332
1261 1578
1104 202
1031 220
686 630
643 367
1648 1844
1317 1749
125 1273
1863 1416
680 1348
979 957
814 705
189 1307
905 527
1614 1715
1308 897
1449 1495
29 1026
1866 398
985 662
1518 853
579 203
1383 723
559 1221
1174 1034
675 702
1436 1279
915 750
1013 850
492 948
83 981
1847 1208
706 178
306 267
114 1910
470 1358
617 946
304 1656
1663 1637
1898 1734
656 508
1012 1113
280 724
1104 613
73 1962
979 377
269 1147
1631 1753
1633 739
520 1194
1597 1424
871 958
1320 948
18 1401
517 392
613 1580
1356 1940
594 1868
1670 463
1649 1134
425 1871
1891 1650
1217 10
654 525
1901 1494
392 34
970 546
187 121
1565 1589
971 865
1160 110
775 109
1694 1323
1534 474
414 1494
423 875
1077 1357
1627 1222
1574 172
839 39
183 417
530 1890
606 896
12 1895
1938 1516
1321 1684
1227 1578
460 1972
1487 1635
1581 526
1194 30
1295 1258
1419 212
1443 312
706 628
593 1926
1226 726
733 981
1296 1392
61 1009
1377 124
522 240
1052 1815
1180 1292
1151 52
973 677
417 1626
465 261
739 849
1007 1719
430 376
1825 1581
327 659
1497 1193
225 829
822 1348
553 879
1468 227
1424 431
277 406
500 1272
1601 1930
698 1077
549 1294
1127 1652
59 1577
670 151
1224 1084
1020 1015
1219 177
695 895
1664 1600
1118 1117
1723 1617
1754 1568
587 575
913 122
157 716
582 142
962 8
440 1305
1170 1406
1201 719
1620 962
317 1135
1752 894
1235 610
831 363
1851 1847
1451 1110
1549 1447
234 1748
1223 88
771 932
959 1256
1345 702
1723 889
1819 1494
886 1107
1392 500
946 1401
1365 744
756 474
1917 1775
1695 866
864 491
791 1940
1756 59
1897 97
1309 1563
22 1085
899 1519
1720 1392
148 53
1776 876
833 1797
1193 903
8 374
766 303
630 1581
1186 1725
1669 425
1158 1185
399 1421
1114 260
1056 872
53 1853
1775 581
1555 162
1048 745
1452 470
1631 400
263 1547
919 1370
201 1959
582 1579
996 29
1501 1656
930 1581
420 362
151 45
1170 454
1157 1093
15 1808
1861 1966
1173 1878
1086 1030
1052 26
379 1710
1432 1951
1772 1301
187 879
1608 1537
1036 202
478 1123
88 574
509 1596
1123 762
123 1846
1879 155
1674 722
1431 657
971 579
194 527
656 36
216 347
813 584
257 1860
1557 600
1236 1513
1533 475
910 162
1266 1806
1108 1507
173 1537
1896 55
1224 466
1408 833
1561 557
1571 576
114 1914
1289 1735
1859 638
694 460
927 343
842 455
121 1711
1580 1612
809 1690
1483 1545
438 434
938 764
481 840
550 118
1175 1598
274 687
842 1588
1820 1782
1805 734
1220 46
1903 620
850 975
1362 342
1070 438
1142 115
735 1177
734 267
1874 1580
1390 696
1006 1881
43 272
1355 1638
1975 620
1375 1986
197 1305
537 595
783 1495
176 883
1082 1827
1151 599
1305 951
377 6
1790 1595
396 1661
231 725
606 379
470 24
1357 1122
53 1473
1280 503
1083 1934
582 1857
1563 41
637 1829
687 786
1951 94
1622 1630
1630 1154
1506 1219
717 483
1139 1913
1692 639
144 68
83 429
1865 1805
1387 940
287 1197
679 1568
363 900
1999 1447
1501 488
1205 320
244 1572
1076 1430
1319 969
988 1629
152 1132
558 607
1681 562
1216 409
1245 1548
1685 1708
813 867
105 1614
1654 335
470 163
1979 958
39 59
1945 523
1748 744
1177 737
1491 1042
498 1777
4 382
1556 175
1133 1210
1292 670
270 953
1353 1328
128 1873
1082 1771
1300 405
1455 1621
1384 934
1847 328
488 785
308 158
774 923
261 1872
1924 1335
389 856
1344 998
1747 1895
1967 1383
576 1943
836 537
146 362
1757 1942
1596 903
381 1281
1294 1788
1804 1655
687 1983
217 1565
1293 256
1938 1851
1487 190
680 1832
1526 429
707 1414
1617 1925
638 1526
1545 1357
125 307
1879 1551
1641 1959
1981 465
325 494
1893 1064
563 1429
1501 872
940 53
329 232
280 1359
1474 40
776 1589
1704 18
968 1486
1266 662
374 1698
1821 27
415 227
1841 409
158 935
1765 761
1761 832
272 1219
194 803
1254 131
516 304
1683 1474
1113 411
1544 1708
1759 1805
672 1792
1172 215
1229 1513
1143 1480
509 305
1184 1049
1511 1209
383 848
1785 307
760 1580
989 63
1733 566
585 200
1585 442
1174 1391
663 893
1303 198
363 1761
1991 177
1089 797
1829 1712
569 1860
531 1465
711 1513
96 50
804 1123
888 1722
1820 1816
365 377
1372 612
380 76
1900 1041
618 475
1919 1943
763 781
58 1582
1467 152
551 461
1895 1617
429 1627
991 286
1460 1456
992 1001
1239 411
384 1970
1513 670
308 1985
120 1357
1245 1297
879 199
1702 1783
167 419
1969 137
1829 1799
618 1218
805 815
1837 315
1129 1024
1915 1966
1472 496
160 1778
279 371
1324 1445
780 1577
558 1954
115 608
1621 608
1945 1852
95 211
1010 160
1282 910
282 110
301 1860
1635 20
684 6
605 708
1777 624
49 993
544 1416
1624 1081
1061 1985
1638 203
1507 22
1013 1295
851 183
1698 1857
1800 356
1089 1801
499 10
674 295
1528 1691
647 581
1293 520
168 415
1476 524
1053 764
487 1795
519 693
806 1505
231 1378
1349 1230
209 1387
632 974
984 1270
553 911
1388 1164
1938 688
607 662
1158 816
1175 977
1492 1377
29 290
1860 1751
27 521
1439 1740
1364 1777
1136 1005
1011 1684
655 975
1159 1539
649 1899
172 1974
1990 1466
742 222
1021 1460
1834 1447
1293 417
101 365
248 774
332 388
765 1258
1002 1310
719 310
437 1992
736 848
8 1750
933 319
37 632
1694 1593
10 811
1905 1458
1207 553
1574 664
1907 1802
814 869
1439 1514
1087 595
448 67
1313 1867
560 253
1670 883
956 368
226 1400
1322 1437
1199 1571
1896 1417
1341 158
435 888
471 1873
107 1920
292 193
552 189
1013 828
1603 198
417 1550
1988 546
1043 1365
1688 811
1766 443
1638 4
1167 757
122 1046
1331 703
120 27
1464 951
205 729
1842 416
188 1150
685 1302
673 45
1397 115
1252 388
386 1528
1717 622
723 326
1196 1661
1079 1884
842 890
1597 628
311 343
1544 1452
1925 1238
72 387
1457 1515
327 1761
782 977
1144 1228
1813 535
1901 1239
723 323
964 991
1458 1959
1343 1748
1527 1452
1133 8
1541 121
1899 469
730 1381
1576 1213
1507 1154
398 1469
415 680
1647 827
1475 1788
1186 1864
247 1706
38 627
702 1331
79 757
1146 727
440 738
441 842
502 1465
1369 11
1908 1502
1843 1373
1080 1836
1002 564
1970 1401
1587 40
1108 1955
205 787
414 401
1665 1999
159 457
1390 1043
882 1482
903 239
1184 261
604 432
1027 1784
524 856
1414 707
948 1608
1904 987
835 732
1136 1757
525 564
1954 328
233 1623
230 1244
1370 1132
1304 285
679 164
1655 1126
679 1410
720 590
1501 1224
1349 1967
802 710
1504 763
1160 1964
1928 1927
101 1600
382 544
985 69
823 855
768 1678
927 869
274 1421
1237 557
1320 1789
812 242
683 1802
1541 1152
1067 987
288 1107
1033 832
1281 1503
1232 1427
1750 1985
970 19
1023 1865
574 217
1818 1793
200 534
791 1357
119 545
1793 612
1079 969
1518 1830
498 1549
1657 1190
768 808
1426 872
652 117
993 1611
1441 1731
707 1268
763 801
1922 737
1258 978
1046 1194
163 1583
1910 1084
773 1787
1232 769
1307 1762
484 148
135 630
1698 594
1626 1050
134 1815
1068 591
599 371
1569 1601
1396 410
873 1592
1011 1128
900 1512
379 539
1069 851
414 1864
884 1611
644 991
1127 441
1399 1397
495 6
1291 911
1538 1882
1453 318
1123 1003
1980 1808
873 1937
180 1899
293 249
143 1818
1946 1075
1775 281
776 330
335 128
1448 197
162 1661
1247 337
814 1195
630 807
1856 1325
343 1666
15 850
1142 1075
523 1865
12 29
1380 973
157 556
1223 1353
6 952
1376 1362
1938 211
1266 294
309 1682
1396 9
1296 1644
735 765
1658 1003
1903 1404
1846 955
1950 175
1627 1963
152 1711
1784 1987
116 1277
1251 1290
683 1220
1999 790
242 311
836 1262
1660 1269
714 278
1066 957
1899 850
19 1298
643 1968
176 501
46 1488
1720 481
1249 1711
347 844
476 796
78 256
236 1662
1639 639
479 487
266 1100
1606 91
356 898
1346 870
1633 1001
1590 384
58 1127
594 1986
97 1089
1235 1727
968 500
1464 1540
1788 210
1883 1223
1831 1623
1156 714
1812 169
1752 162
881 1935
235 1671
424 1070
866 1593
1128 1626
333 199
1303 126
688 241
489 419
681 415
1923 1798
452 268
961 889
501 1183
993 1420
1613 1042
26 1250
956 432
306 1892
964 902
1906 90
719 302
134 275
1992 1432
1594 769
1043 1947
427 795
964 793
1166 94
484 558
1321 666
870 742
1592 1154
1129 545
547 1272
1780 796
1697 246
1540 106
400 1643
1781 1414
1775 217
1302 1892
1011 868
275 137
1798 1432
737 1766
1586 1692
504 960
1459 1615
395 385
1281 1063
268 564
1078 425
504 1115
526 1586
1740 1723
908 1550
1059 1420
1097 79
1018 317
1157 30
721 51
1071 1528
22 1599
952 1256
749 1076
1704 1648
687 633
14 657
1059 210
276 1800
16 170
72 555
1442 786
1914 1586
129 283
1587 1587
1731 1659
1585 199
1719 571
1269 703
1653 1596
441 1298
148 237
226 1021
1928 1994
563 327
747 198
931 1190
890 1330
1723 1617
1129 1307
1183 1539
1374 433
1146 1489
1131 871
155 1036
1479 1146
1084 876
1874 384
385 1887
545 1249
900 1986
308 1413
912 1527
950 1642
185 971
1349 854
1968 260
596 759
673 1298
1685 1948
1619 1167
104 1133
429 1790
94 1966
31 411
269 1758
1399 757
745 1423
655 1775
1220 1676
975 1085
1768 592
1567 1824
144 1786
1190 1113
1325 1238
743 703
312 1611
896 1872
1063 1896
827 365
703 219
1243 1871
1600 1249
1529 738
1797 1965
916 443
1779 947
1648 1177
1148 580
560 1138
1992 1761
1517 1076
588 1542
145 1104
1779 469
675 1465
1753 715
540 1169
27 701
1156 1510
1585 1693
706 593
472 1815
299 1505
446 953
1037 1149
1822 1120
454 822
1846 1459
196 1128
1752 1216
1657 876
299 1193
903 536
263 435
515 1119
1621 493
152 1344
515 876
623 1980
1009 937
923 1885
742 441
757 802
698 243
162 1385
1334 1992
1123 679
1083 1894
1386 1552
193 277
1609 1454
1067 568
1598 1150
1052 854
1432 1508
1401 190
141 344
194 287
1174 331
937 1582
296 881
272 1182
1433 1256
1236 1530
1415 70
1311 1333
546 1445
1520 597
826 1912
14 1833
1501 1177
1983 1535
1945 366
1870 1269
547 1584
781 1332
1641 1281
1501 1247
223 815
861 661
232 1026
740 1562
1964 1759
1577 435
55 1823
926 59
923 1865
939 1646
1667 721
83 1951
1673 1043
586 1599
417 1861
1793 1155
614 294
916 673
1207 1201
1380 58
1804 91
844 1381
1963 1198
592 1490
1720 1954
429 1740
1181 1960
1555 182
1979 965
495 415
1250 888
789 425
457 186
382 45
714 1693
1642 1081
1312 1996
1966 366
1790 61
1489 1659
1635 1219
336 1992
1323 781
602 805
1627 618
105 1663
92 138
1549 1933
1108 736
1231 496
1028 709
544 217
1936 1436
1309 539
1290 814
4 868
56 1284
17 275
665 1912
1610 1459
1188 1348
633 832
734 1906
650 1210
707 775
420 308
1721 1507
1199 1957
461 207
1190 1710
600 1136
1578 1238
893 115
915 572
1647 1343
751 339
1995 626
1614 1685
419 1080
1098 856
209 1489
1645 165
1076 151
441 1973
815 744
1746 1003
1283 540
133 1253
1886 852
1812 668
282 1387
1568 562
1704 1596
812 964
809 1045
16 1709
261 578
361 1031
512 1011
56 1960
999 1197
342 506
1523 1544
1907 1284
787 580
57 378
940 809
262 66
121 1936
807 926
437 1136
106 1952
330 1967
600 1036
1616 1515
446 599
1677 1312
480 1636
1124 910
587 254
935 23
1431 1173
1777 757
1894 1216
665 471
12 476
1325 507
209 75
1450 792
1606 563
1188 29
200 736
3 1315
31 1275
1197 108
1696 1509
1716 677
675 1024
557 519
1092 1544
657 1115
972 254
1225 167
1137 1748
1796 870
1536 1413
642 41
1678 603
981 362
219 808
711 1776
182 367
423 1668
1120 951
420 749
662 1624
291 865
1771 29
869 73
383 127
568 988
11 1230
1624 1957
639 1259
660 1179
624 477
1686 601
1865 32
1747 362
291 1179
991 1000
687 431
623 718
35 310
1224 219
557 1292
264 1376
1905 1336
1431 366
492 726
1920 1677
1404 985
1307 1505
412 1806
1571 1218
1894 1781
69 1233
1071 1381
586 62
800 1619
141 479
1109 185
379 1582
1980 1656
1019 1494
1486 959
1122 1463
1383 330
1728 450
1599 65
597 1839
1683 1613
1553 692
824 153
1713 1495
1011 1720
569 1843
1568 1467
151 1510
1315 1264
1391 1249
1540 887
23 44
538 1121
67 1352
752 1812
1456 1062
551 1184
300 1616
27 717
1220 208
1110 861
90 863
90 658
504 932
742 1173
1810 1811
257 653
1014 1872
900 1407
21 1338
760 1481
34 1537
882 641
1510 633
637 1504
1109 391
1449 1160
1071 536
1959 1949
1475 725
387 828
1880 7
955 772
1007 1623
997 1062
1712 1014
238 1596
1419 1347
1863 174
558 1269
1132 12
67 1179
722 366
1448 254
1263 1884
647 1779
600 1137
823 1620
611 955
1138 1645
219 1709
777 143
1708 292
276 1749
2 1152
1013 271
1874 1671
1104 1701
186 391
200 422
1215 64
1957 871
1413 982
1877 1685
350 558
1870 854
409 1605
210 1374
1791 458
66 977
1983 1571
1715 733
1491 258
1221 1544
683 1318
1173 1585
1440 484
1027 761
1028 6
615 1173
14 1631
1354 612
932 1412
1139 379
1112 1757
818 401
47 35
187 325
1993 59
933 1853
407 1407
252 93
690 269
1033 1935
823 276
161 418
1315 649
1779 932
802 588
1935 756
1605 222
234 846
1404 175
793 420
848 1798
1187 1646
1297 167
1420 1739
173 1299
116 1605
656 364
534 600
417 261
656 700
429 1199
1604 788
1327 460
1196 834
1482 1753
648 1901
1904 340
436 550
22 1984
1681 1719
1372 1601
790 1443
369 674
1779 208
585 1085
322 1211
78 87
2 575
1621 1382
1916 793
670 1160
281 1875
1912 863
1551 228
48 887
1257 1789
1090 605
89 1005
489 385
767 936
105 1623
359 1336
888 234
451 1732
1666 888
535 1515
1769 1297
87 886
390 390
169 552
1296 1255
1801 1200
1890 1234
1594 600
874 588
286 25
353 1391
1868 1275
420 81
1499 1085
795 619
851 995
1139 395
669 445
1798 1994
179 447
743 1196
926 463
945 1326
1771 19
985 1919
1480 1079
1734 126
1047 358
624 496
473 598
1991 553
1539 1800
530 1706
1660 128
938 500
1610 728
1058 1487
194 1152
980 856
1698 1615
55 1422
343 1759
449 1128
100 1470
1065 1592
1889 466
592 1452
157 1724
1490 1087
205 231
689 456
1338 890
1750 967
1196 1291
1944 1816
233 1958
1862 1066
319 1232
1402 918
1977 781
1193 1889
1947 971
849 1047
341 1965
679 1614
399 760
266 1527
771 94
17 1041
1995 615
1097 1974
1851 974
446 1217
379 266
1079 1001
1997 52
1237 1650
1870 1331
14 68
197 491
1878 513
1219 529
1912 1803
1536 498
1689 1286
109 1543
1795 1499
204 75
1733 1204
1261 1363
861 922
451 61
442 1162
488 1685
203 874
518 1056
296 1278
1511 537
536 389
760 1220
1177 1798
1818 997
1480 1138
735 1062
1903 1040
1392 1276
474 1326
1734 1364
147 1643
1892 876
363 268
1090 1616
796 53
860 957
277 1558
365 794
538 1130
913 927
11 1851
46 1948
1582 1126
1171 108
678 1273
705 615
642 722
1190 918
1284 250
944 269
1610 1197
902 353
1460 1342
891 56
157 1636
689 1026
458 1657
1401 240
1012 1567
1548 1213
1423 432
1375 1036
571 1097
1654 141
521 137
1572 481
1846 936
632 1445
1691 624
769 641
1181 218
1183 777
1393 1668
608 1390
1520 1747
606 1315
41 939
1735 133
1294 916
1435 1270
1876 1196
963 140
491 491
1851 1889
1880 85
917 717
623 1902
1429 708
150 367
386 232
339 688
415 1229
792 0
1604 1812
307 1539
777 207
385 1476
414 260
122 235
1509 97
1193 486
176 313
1063 842
1201 377
1571 1692
984 895
1111 893
679 1677
439 319
749 740
1875 655
1833 334
1165 182
1248 1921
307 867
603 1244
30 78
1450 51
95 466
595 1565
58 284
1614 556
1010 1948
1243 755
1162 957
1744 1062
286 1957
1785 1495
857 1399
177 236
230 1484
1947 1471
1096 1806
93 1453
883 1355
138 1980
1705 415
833 1034
947 1689
1194 983
1703 1100
1919 605
1114 1974
1664 1395
1438 593
1820 5
835 449
814 808
1129 1433
1183 1436
1240 1882
636 806
178 404
646 1704
707 1124
983 744
919 251
1306 488
1019 692
617 892
752 1080
120 381
1922 996
1301 293
1838 1453
174 97
869 1259
561 1355
114 19
1207 1427
1258 1366
1701 1373
1301 1783
312 76
1988 485
1269 609
266 199
1964 600
1895 1402
1924 1218
1311 656
1434 1500
1573 384
394 1723
569 667
171 1545
176 635
197 1141
1276 1354
388 1403
695 37
245 1258
1989 4
247 1714
1483 1761
913 1725
354 1460
776 1071
1779 1070
1799 1621
1592 1888
889 737
279 912
697 627
1015 896
23 146
159 62
1968 1668
661 938
168 911
1582 731
1895 1899
323 426
1197 109
1367 816
1990 1529
169 1778
1809 1
1789 966
40 1449
218 1114
775 241
363 320
764 1876
209 693
834 1545
120 1680
1654 603
1678 1343
188 1078
515 684
1295 1183
607 1009
833 1385
1696 337
213 387
560 25
145 916
274 51
1968 266
330 1653
1804 941
863 1939
990 437
770 1140
1351 1285
1271 526
1222 1063
224 1806
891 1451
305 704
1961 1408
251 1097
1048 764
126 708
1624 1154
1788 1045
591 318
222 1119
1168 282
1089 1148
782 1343
974 1207
226 195
946 1115
504 730
1404 750
1514 1484
1413 124
1893 1917
62 1413
159 1063
1895 1264
817 730
1862 1446
1613 1590
519 659
334 1273
898 1207
782 481
1872 1158
687 1862
384 946
242 1853
984 169
1987 662
1049 516
1041 1652
37 1584
187 443
700 1413
1149 1936
553 461
1497 182
1476 1628
483 509
1168 1046
1275 356
1680 1298
1654 961
69 983
1578 286
117 1994
61 1981
531 982
1989 981
1216 344
1808 817
1748 95
859 628
1581 1091
1481 377
808 1958
1656 1412
1461 1896
12 1738
51 350
1969 1737
710 626
891 1137
1520 1996
1421 1503
1089 1429
1679 544
1048 194
1188 503
933 129
1869 1233
273 1014
884 1221
1470 1955
257 1082
514 1228
748 314
691 1497
204 847
417 1774
1214 236
986 220
775 879
1174 1916
653 136
1252 1472
362 1403
1064 1798
1539 1818
807 660
1811 1852
622 2
1576 46
920 442
295 201
364 1882
991 992
1798 1385
496 1562
541 606
772 776
1473 603
1096 931
54 250
369 57
1851 1762
1592 1464
1699 1258
478 1178
1207 1167
921 885
369 456
1450 78
1210 805
639 1557
1140 1417
483 1385
634 840
820 1095
1381 1053
919 371
728 1492
1928 106
186 26
763 1376
1961 656
162 953
639 167
1060 1182
1700 1630
820 1834
469 1140
1412 759
1567 1423
125 1034
1419 667
145 310
1020 1530
836 333
1546 570
760 1959
443 971
121 1497
1910 701
943 1585
1753 1053
381 1763
621 20
1511 610
1367 109
1964 765
1597 506
367 908
1309 261
457 1035
45 553
1112 40
1483 134
265 631
575 1335
204 883
415 200
1486 764
131 1759
1635 1779
1652 819
1858 229
1469 1890
1892 632
1843 1465
993 414
872 856
71 645
1727 1398
461 415
978 512
331 671
1710 1312
1132 279
823 479
1869 1828
241 145
709 1791
843 1653
1646 1686
47 626
506 1712
1304 258
1903 1241
1610 857
1848 191
1256 994
1237 1213
113 132
566 1754
354 766
290 972
1319 469
994 1931
1325 309
368 1106
1714 1562
1067 38
1738 1892
319 343
1626 934
606 1450
626 1160
569 1891
1815 1271
1966 1741
839 1284
1112 125
1661 1440
1119 1606
40 1296
341 159
810 1472
313 767
42 814
1296 242
927 1393
1878 1044
1064 1508
291 116
1897 373
680 1788
1690 1112
561 1953
641 1971
1630 233
1158 1339
16 1503
673 973
1711 1869
1507 723
581 435
1109 1639
1905 1063
1926 1752
547 88
584 586
969 99
1011 834
1013 1240
1696 1578
252 842
1384 1101
1837 40
125 1243
1343 256
1274 934
62 1058
1029 1522
506 1592
64 1463
1601 75
1585 540
1123 1988
914 1295
459 899
195 410
1681 1133
1146 49
1536 291
568 381
1039 280
478 458
1063 1907
140 1775
68 760
1890 735
1155 1253
1694 244
1868 1746
1661 1126
826 1429
389 1984
625 1810
1077 1714
168 1550
831 993
1338 1504
428 372
1501 1765
679 1226
1293 62
1458 1732
1016 1141
416 590
889 545
1732 951
1729 33
673 295
595 373
281 948
1550 15
49 222
1987 1665
840 1467
1873 1065
23 236
708 1252
1217 914
833 39
1434 460
1086 1967
1421 549
1081 779
870 1010
0 1907
1464 381
829 334
279 1614
1422 523
1138 705
1612 752
1326 1679
733 1094
397 172
1671 1731
1191 1552
42 1112
1460 394
1376 839
886 1784
1382 407
968 502
517 1434
24 1876
1687 577
991 132
570 924
1657 1996
1782 1896
896 931
109 227
1822 156
1198 1666
1751 1937
500 162
1260 1401
55 728
1120 1265
501 1853
1154 1257
1772 1326
908 900
1295 1496
577 1951
1101 1984
1143 764
1783 163
1279 260
1853 839
1527 765
140 1860
1385 902
10 1963
232 910
1127 1384
103 1622
1014 1087
1146 1576
772 1986
856 758
1116 504
1919 374
128 1394
138 922
966 662
276 84
171 879
60 1496
356 373
1455 24
1457 1063
1873 1343
735 543
1861 1135
458 82
1934 381
1361 573
1722 794
1583 1231
1717 419
1246 196
162 675
389 143
1243 1283
420 1217
1364 220
1955 1438
586 855
320 1300
350 1995
317 741
128 1785
1715 137
812 1028
1629 852
133 1771
986 1378
734 1230
1052 1365
348 1939
775 1423
1409 683
705 1442
1158 426
125 357
1515 738
1744 1902
1791 1861
1127 921
1200 1788
1616 251
1393 247
409 1705
871 424
947 291
1896 166
818 1259
1518 29
802 425
61 642
804 780
1358 1444
1299 1414
1524 875
1437 239
908 1083
1951 484
554 1999
395 1979
1504 1423
1190 1118
1154 1618
1761 13
340 1838
1442 11
910 1336
642 173
681 1040
1125 580
9 777
923 1875
410 965
325 765
1613 1012
1869 1575
207 1583
1146 1547
926 1364
274 1928
1316 306
1922 1311
222 781
1169 340
1413 732
291 940
390 13
1759 1446
1516 1407
551 1858
1420 1509
1320 1956
200 1968
1639 295
240 536
569 524
389 645
1817 1205
640 1698
397 1473
1546 267
685 1188
798 480
674 613
1022 1937
1283 1628
1514 1163
758 742
1784 1740
1645 787
1719 112
1047 599
250 1808
376 906
776 93
492 475
823 53
1450 387
1825 1038
223 163
664 1858
1248 785
263 720
624 430
1500 993
393 1868
1504 1269
503 1643
549 1379
1938 1710
643 760
1346 1543
754 1935
629 1790
1901 1366
78 33
887 287
1394 1091
1897 1930
1459 1931
1183 1326
200 1327
647 150
927 448
1522 537
675 485
379 1575
63 1206
750 401
1747 1646
514 228
1873 234
180 991
503 374
561 612
65 858
149 1679
1922 507
581 1049
549 1157
211 194
1934 731
1248 433
322 1860
1222 1513
1108 181
1246 31
295 1897
387 524
827 1492
617 276
267 211
1297 1355
1302 1918
1568 223
148 524
1251 1768
1392 1868
1963 1144
748 1627
878 1443
1980 1443
1958 1016
1114 1233
596 1374
742 1635
1281 1431
245 200
391 520
507 1072
1953 333
229 302
381 1632
1994 1365
1538 797
848 254
1640 511
1418 1390
209 84
763 550
440 1823
867 648
1719 1398
117 157
1197 829
1995 1763
1334 1354
244 1404
270 1105
1014 1936
809 1731
1170 333
697 164
69 1139
528 990
542 1863
1417 1110
817 207
424 204
836 1877
757 1510
587 1984
819 251
1610 1557
1814 875
620 221
1855 1495
1854 18
1470 1562
1886 1552
1391 767
271 1088
1423 863
322 1191
968 1232
1593 1706
1874 1969
1941 1660
1221 1394
867 1218
336 624
119 1884
1234 1945
499 475
186 685
1102 121
878 665
619 929
668 1018
659 1017
526 1424
1695 994
916 69
1774 728
1120 954
654 1468
1421 779
630 1259
1961 465
634 94
1329 822
918 1627
80 1945
1255 1602
1075 265
136 594
1898 1393
1777 676
342 1044
233 1269
746 8
1981 1892
1208 405
856 969
686 1227
1730 292
395 661
316 86
1277 1732
1072 1056
544 1088
288 834
1137 157
811 1909
1533 1876
1270 310
691 251
1021 731
1830 710
23 75
1588 727
443 1500
319 1817
1151 1979
1503 1081
1748 296
1610 1344
1903 4
1787 1244
735 383
1081 1373
1861 1946
688 931
434 844
491 302
1062 157
1081 1103
1165 1969
1219 799
262 76
1196 1948
1308 178
1309 540
727 1267
439 239
1894 675
1696 1402
1240 542
916 87
128 1329
71 684
1993 883
488 1312
1106 701
1260 5
1408 1011
693 1864
1727 1105
1026 1393
203 820
325 1915
51 1114
1446 472
1734 1544
1909 1493
1675 383
871 959
1615 991
1593 1195
974 195
1512 652
856 1046
1145 1466
578 1325
1167 1278
1766 260
941 412
1131 901
1490 1133
475 1298
795 17
264 1506
135 1690
1069 1832
42 66
1071 489
1432 876
1219 1608
1053 216
567 1625
566 584
1327 1033
710 94
1565 873
446 1779
341 293
186 1299
1363 693
1902 1004
1459 147
1908 1450
340 904
707 948
1484 1512
1194 833
93 1302
153 99
1510 484
1573 107
98 654
290 327
218 69
1815 976
235 322
1704 489
1505 574
545 381
287 1856
1363 1493
54 1749
745 334
869 367
1687 267
9 462
497 108
1502 817
1154 554
983 1044
1261 525
1803 505
1027 1743
369 1668
1044 1170
1818 775
278 1961
1201 1345
839 731
857 460
1800 1857
64 1855
1036 644
1137 1946
701 1731
1483 1874
1164 1735
50 213
1329 470
740 616
399 1612
1957 1369
1757 423
872 1784
1362 1135
1283 675
1972 371
1664 1825
1963 1092
1608 1020
262 838
533 245
1003 1116
1023 745
1419 1190
1258 1450
1958 162
1704 1954
204 416
1118 1144
920 195
1623 1295
786 1978
1806 677
917 1386
1963 1856
188 1863
1279 1073
992 704
375 1237
1226 286
217 94
407 575
326 608
1169 1994
469 371
1826 286
1741 669
1310 545
513 107
978 1628
1278 645
78 722
774 1450
1062 1636
1651 1741
952 1887
1244 1718
673 1770
231 1203
655 1248
392 885
583 1394
1489 889
807 1561
1286 651
1740 458
534 694
1023 1061
539 874
532 1401
1180 1591
1332 1191
405 939
1511 343
56 623
289 524
913 909
1181 760
505 675
847 1170
1938 1809
795 292
630 1967
1052 1828
555 1906
251 76
878 1241
1423 1617
256 860
420 1337
907 419
516 248
1339 231
525 854
656 811
1423 709
1484 1003
258 1706
1768 1956
66 922
859 109
1124 679
264 20
438 260
1175 397
1363 228
1663 711
1308 9
832 531
1048 1017
805 1287
1586 1371
1786 1546
258 1828
1219 719
1016 957
1099 1493
832 60
1975 1220
631 549
1473 437
276 1034
180 328
1889 452
1270 1455
1443 243
1559 1516
1934 161
117 1902
1358 1845
798 90
245 1809
1359 1376
1378 1237
215 589
1727 171
357 576
856 1470
572 1373
1812 1511
82 1993
1270 817
305 520
146 1663
1824 902
1807 717
1105 967
1615 768
1999 1579
677 1142
627 591
1291 629
549 1719
1281 668
5 1757
1665 353
1962 1000
1430 1069
687 1106
847 142
1051 1032
1790 753
1015 144
504 20
1581 1579
952 740
1550 1165
1441 1138
1436 433
127 1502
623 1848
1118 1316
340 389
1681 1983
1941 588
679 1254
1473 7
1105 371
411 569
78 1892
574 1313
10 584
197 1587
1212 1714
76 806
1714 1748
273 814
1038 1946
411 418
1347 734
390 1005
1341 1336
24 547
908 421
1474 1227
1117 25
1259 1105
938 1569
1255 1474
1764 1551
1184 509
1795 1719
1655 1279
1271 349
1986 1548
1399 1991
881 413
1764 1471
1550 526
1314 561
271 1587
949 1408
496 309
1719 89
1901 1490
434 821
462 601
185 1621
1358 1372
187 1893
816 949
1798 518
443 818
905 1168
383 1047
1602 1282
1614 1100
315 347
1534 44
775 1777
1583 1908
81 205
392 640
551 1547
1196 1647
1416 799
444 1174
889 1838
589 803
24 675
1001 1634
223 295
260 1272
1545 1809
268 1508
1048 1288
965 744
1449 1806
1865 24
1739 852
1833 235
1633 1336
1189 1415
1567 119
585 1303
954 368
965 1646
452 635
318 380
753 756
351 46
1052 1274
1294 952
1183 1216
1424 490
343 1112
23 926
1281 519
985 562
1407 113
1518 630
983 915
1048 1158
1148 1855
1916 733
138 1966
1889 215
1192 801
1044 1847
1241 567
257 1907
111 323
351 1197
622 753
1009 358
588 910
1987 1975
1762 655
1348 877
874 1614
921 607
1398 1324
1891 413
1564 1694
1832 1200
47 1203
1400 330
345 144
814 1766
1666 492
326 1566
1084 719
1096 789
1547 1326
1027 1616
816 1116
316 119
1396 1488
1723 1659
190 1485
1078 558
437 372
13 1024
77 1525
1811 180
1589 1616
1655 720
1158 1398
1554 673
880 768
902 65
487 1781
1764 1164
1782 1532
1248 813
834 96
1642 989
739 1047
861 1771
1517 507
1851 1852
1082 1655
369 756
609 1954
728 1671
1840 668
583 1158
129 875
392 564
652 694
10 1449
1819 1878
1328 987
1059 1931
806 1995
202 768
1484 1836
80 1360
1720 16
1846 1227
656 1680
598 1167
676 1199
856 1479
1926 112
158 944
707 1183
1005 1248
1336 761
271 261
900 217
970 1039
1602 295
1143 32
1577 1357
294 602
1326 270
1996 49
116 1840
1536 552
1173 584
1634 1706
1070 0
204 707
1057 196
1209 715
1869 819
1839 1863
1127 1588
1182 1502
942 655
1778 241
756 1456
234 648
969 417
1055 397
1998 301
1474 1383
1126 5
1770 1758
854 504
1466 285
792 1560
1649 1629
1980 760
1599 1462
1646 487
137 1316
738 1233
689 474
1909 1156
885 458
1879 1657
1824 100
1656 838
1137 1133
1782 1759
667 241
24 1580
122 880
1768 1540
724 172
1236 1226
869 1188
1712 988
1097 1591
808 1133
689 1848
1994 250
1876 1668
1861 1870
1424 478
1563 1001
670 758
1664 53
1760 1344
1500 1091
20 1961
963 632
1201 1008
850 505
494 512
221 1988
1530 1459
325 1580
1205 481
1763 625
1601 254
1907 387
1977 1871
482 1356
248 1979
1475 1993
247 1275
1581 577
603 1488
432 253
1235 721
1771 1179
1714 1246
1077 205
1361 1400
1255 1368
229 869
428 674
285 1903
362 150
1315 864
1601 910
1558 936
1164 1687
331 1945
1183 804
1352 989
1985 1163
1511 906
379 1946
951 844
558 638
54 1238
1856 1923
1200 312
1655 113
1398 933
144 302
1980 281
433 1702
1849 1500
1319 337
1535 999
779 1942
969 32
1512 1906
1948 251
964 1773
884 1896
1886 1727
1144 1724
1214 267
1199 468
1135 1594
1006 1691
1020 1210
388 1960
1293 157
851 729
263 631
461 1261
1279 1506
1171 1388
727 1609
744 130
532 337
454 1620
1132 1111
1231 1979
268 306
53 687
914 11
492 1478
1225 705
785 1277
1562 1593
1234 808
638 1855
420 1675
204 1460
242 1729
1822 813
1604 1876
1712 773
1074 1197
1653 59
1558 870
136 1863
260 1056
1620 1835
1554 826
663 572
373 1334
903 1224
266 1970
154 75
1942 503
966 188
1167 386
590 1670
1780 1670
230 169
1692 1187
1258 1646
1422 642
837 764
328 1835
122 1647
1459 1916
1219 1780
492 240
611 426
1765 124
1972 805
1082 1743
492 362
517 1800
1828 359
1430 195
1064 788
854 34
405 859
1123 838
1846 1662
746 1118
873 1263
656 509
771 800
1313 1499
1714 1640
1004 1988
1687 1505
394 756
210 545
1417 1139
836 669
1184 16
1579 1216
1941 1740
1581 1354
563 907
67 1205
895 973
1480 1967
928 50
629 841
870 654
335 1328
80 1246
1611 251
1891 1645
1250 0
882 1182
1005 1919
687 1138
1128 1546
438 96
1831 1745
687 660
842 602
1436 430
1533 218
194 698
1605 1126
927 1288
799 711
1913 7
1937 85
470 1284
1968 574
250 67
1113 932
1799 222
1672 1555
1159 1969
1187 1481
1311 1890
1257 1601
1766 871
1886 313
1681 1147
1953 1870
1439 1850
16 1845
194 1323
1668 1072
1218 1544
1149 1
526 1925
1429 1179
1944 1296
1049 1807
779 973
1350 213
448 356
1178 187
505 703
582 7
1043 323
522 756
1134 1311
1897 1597
1378 1897
1934 1166
1115 1411
1578 1900
320 88
1948 663
863 1434
1417 863
1102 1312
1212 777
160 1228
1273 1869
1695 1268
1390 82
1436 823
1109 1197
229 1394
702 1114
1407 696
731 1268
1669 1618
1200 1323
739 1607
1880 65
1474 1217
656 534
302 512
958 1360
1754 1787
1055 1066
1633 462
166 1363
1311 381
1121 1586
1091 1938
1557 1135
438 873
281 1293
73 622
1108 568
1014 420
1093 986
381 1153
40 335
1856 1603
472 1865
1379 1964
719 1412
899 33
53 210
1807 1227
229 896
1416 1400
589 922
1389 1557
1096 370
230 1059
151 1725
235 1827
1707 395
1749 1243
1903 885
1409 1922
1922 37
191 135
881 198
1502 1984
1884 1889
1065 1863
1917 687
336 360
1572 1685
279 1690
1649 398
1503 1201
686 959
1702 1936
1218 1074
1584 1509
752 269
1271 1765
599 1685
984 525
1495 34
1394 529
1552 285
306 413
851 661
77 74
1193 1781
1151 445
1848 1297
1098 1739
1258 1587
545 475
874 449
160 1189
152 721
122 566
1706 1020
771 88
74 295
1652 264
1100 1987
1721 1008
1649 689
669 1846
100 1079
990 82
1673 390
1755 368
272 575
1755 1030
4 1247
1632 559
513 696
1397 1295
879 1144
1233 1138
856 1421
1016 1229
884 6
1078 620
1640 737
1191 1129
1692 1370
145 267
1644 1553
371 230
1131 305
1710 121
1535 1555
163 1453
219 1013
1271 664
1298 97
1255 187
483 1861
1231 1941
1362 634
1915 556
1449 1787
395 326
142 120
1205 778
1128 1644
1270 1901
1789 871
858 353
1674 1562
389 818
1558 962
43 1293
942 1406
889 1295
1079 1449
840 486
688 562
280 1793
1915 945
1203 528
1131 1562
354 876
1705 301
1381 820
1186 875
819 321
502 1772
799 1491
237 1986
1566 243
420 1329
1399 876
113 1879
344 1835
996 332
1997 82
46 1883
1235 1783
115 121
1326 1423
247 1215
628 1728
387 370
344 7
1299 1734
1762 1847
216 1485
1461 1024
1934 1821
436 1430
259 1584
765 306
1070 1818
845 1147
1877 1657
172 1292
868 834
373 1616
1554 1873
348 3
1911 347
643 679
517 175
1202 1729
569 1978
28 754
243 561
1493 1332
1840 198
103 192
1664 1481
41 776
877 1071
1875 184
422 1023
901 1827
1774 13
830 1429
1165 441
1985 324
783 1361
1744 624
440 1370
186 1489
1921 628
1392 798
725 263
1377 811
272 1885
731 1244
566 357
1352 524
43 773
784 470
1199 302
524 1573
1797 1548
1673 254
993 1725
1921 1801
192 869
1637 771
399 633
97 52
1714 801
1863 954
1847 1072
1746 1347
110 1492
1251 81
1062 1973
606 963
403 753
1139 142
1669 510
1694 1761
1985 597
835 1718
797 1952
270 84
1421 1373
1060 1114
634 1086
1439 248
742 626
573 548
1910 1747
900 424
913 1169
425 1902
1909 277
366 294
1416 37
1751 639
37 767
419 1870
189 550
448 1066
1444 64
471 1989
920 678
533 153
1401 1402
31 1150
1277 1254
652 851
1385 1383
447 1838
259 1537
816 1742
971 1987
1233 522
112 1374
140 421
212 985
1992 182
784 60
1468 572
1735 1965
177 720
1292 1786
1258 209
1487 1018
1549 1396
850 261
300 1041
998 1003
411 402
1028 687
1962 1838
1858 1955
1622 187
1125 450
1880 516
549 975
1982 1478
1044 1897
1889 977
592 1130
1831 42
1361 1812
774 985
1604 1940
94 1774
26 1954
1031 125
1383 1069
1900 137
392 1185
39 509
1938 493
423 1075
127 1549
1829 1499
1695 861
204 188
691 1385
1992 1605
31 1286
168 1936
628 899
1804 822
449 1920
73 1883
793 258
1889 102
693 952
602 1900
302 413
980 840
1104 86
276 248
1905 797
1905 1350
925 955
788 484
737 1230
1678 1126
1621 1856
1414 503
1285 95
1731 909
1963 596
710 829
613 1155
253 134
414 1101
1799 637
676 584
1489 1403
887 1671
20 1513
532 1885
1345 1724
1482 210
1718 420
945 1832
768 634
1190 935
284 1532
940 1421
1932 650
792 228
196 1598
794 411
787 49
1783 1277
1864 231
1528 918
1393 1856
1613 457
112 1546
1225 675
127 1733
1202 1710
1174 255
1546 1516
391 1712
396 265
594 182
920 1028
766 1994
1317 539
1095 1142
1649 561
776 1524
941 996
1173 1889
1155 1419
91 1143
1133 980
1933 589
1858 1164
1455 860
1324 1956
307 1962
489 629
1692 384
1081 411
395 1079
317 102
1624 108
1832 1330
1334 507
126 314
390 557
1237 716
45 503
607 253
1480 462
1503 629
1442 740
920 1837
1040 1985
879 28
511 1649
1545 226
1135 1745
119 1572
654 33
319 426
446 1647
1674 968
994 762
447 446
1537 571
4 813
484 476
797 514
873 652
1777 1861
554 782
1025 47
1706 787
1692 1839
1665 203
1527 403
670 542
1865 167
1977 1894
594 1461
1152 237
58 1206
1300 444
1467 1174
637 1532
571 1418
1594 179
722 371
367 1759
869 939
424 476
246 1339
1423 1339
792 679
476 1798
72 1836
1316 62
966 104
98 1857
738 367
549 1327
1552 33
916 1148
813 1146
978 1056
1872 1973
978 1665
1594 67
708 587
373 554
1515 7
1033 335
701 995
549 1939
1290 1279
1665 652
1697 489
1371 854
56 406
1155 1450
62 748
135 1879
1192 699
672 557
652 1630
1683 6
1017 1561
1875 1576
522 1302
1550 1044
491 1727
1739 754
188 1165
123 984
750 1432
1823 751
1153 169
1849 512
195 333
1943 379
787 1500
1444 672
543 679
953 456
1016 721
922 1524
1396 567
148 1203
857 575
1404 1868
521 1983
1224 398
1434 1702
1099 756
1678 1403
1034 1063
1379 12
1390 92
132 693
8 659
441 1253
787 87
1239 266
351 376
550 657
1774 197
774 483
1764 839
474 1349
1012 1685
982 1439
156 1751
1572 138
748 77
895 890
473 806
1875 202
902 65
1136 1142
239 161
1621 1648
1282 1039
629 1354
1406 77
1142 418
266 1779
1218 686
596 1439
256 1006
1764 1296
1021 218
1409 341
287 193
587 786
1375 1152
1557 1342
73 730
666 491
1777 1617
961 749
1642 820
345 1179
916 1715
1184 1471
1005 934
661 1861
1170 434
275 1944
257 478
938 132
156 1659
583 1157
904 225
216 296
1363 1844
1001 585
1609 1739
1379 1313
1307 1134
1241 243
639 1238
1235 172
1998 524
587 1215
1354 596
1983 1834
222 1975
1834 1543
154 1010
638 1834
1320 1853
517 1306
1292 1818
474 196
560 757
678 226
236 20
1876 1615
717 719
1783 65
350 1706
707 171
1639 770
1177 371
1657 1342
556 375
1240 302
1962 271
518 776
396 1021
962 279
39 58
824 156
723 1188
1279 1198
802 1726
880 1099
706 1885
1009 245
1292 1215
1166 469
878 964
1311 76
975 1280
1243 1630
1878 1090
1994 1347
185 1063
1623 252
711 1359
408 739
1827 1628
1802 1943
1100 1796
1475 238
1091 184
1263 832
539 1466
1788 267
264 832
944 568
358 1811
631 1877
1629 1552
845 918
13 791
555 1577
605 1300
1822 530
1500 141
1703 1862
890 196
911 376
205 154
546 680
1000 390
1232 149
457 657
236 1432
522 1201
1072 514
941 1944
355 208
814 454
1813 1798
947 1096
625 80
1077 1561
1069 1971
1866 1777
22 692
1301 1766
1612 1001
110 724
926 270
799 1566
603 532
78 586
1225 1716
1536 150
1939 944
1498 1593
524 1610
105 150
1077 1312
1234 93
1713 1553
457 1928
325 975
250 725
450 480
952 1559
183 929
647 878
45 190
1102 791
1042 100
1472 902
927 860
909 1648
1031 1100
48 105
1539 212
1248 1371
352 1174
1834 1044
1489 6
1945 1534
918 1600
1340 1034
1891 1059
1767 607
597 880
677 1499
554 45
1004 85
156 1989
53 1348
1223 198
1995 1091
439 1283
500 240
1293 1845
1636 1071
1669 687
1425 980
1093 187
1432 661
310 1439
1557 848
1485 1897
1184 906
1161 1040
145 1385
850 1412
483 246
548 398
799 1657
127 1892
779 866
921 1100
483 451
605 399
873 1948
1660 1385
355 655
1695 120
754 451
1152 1666
1377 1594
1421 151
1880 26
103 582
1752 844
20 1102
5 596
1370 1288
505 1371
1737 79
1666 1762
1731 1407
203 370
847 1391
1087 1987
312 1820
85 738
742 5
960 322
269 958
37 1947
775 201
1651 733
1664 1652
1749 1035
1502 734
590 1469
1474 702
1490 1274
221 1150
1529 1615
889 709
19 1407
1517 872
568 284
1696 566
1227 1829
9 17
667 287
1659 247
1560 86
918 1132
1744 812
953 1266
496 1155
1927 803
96 1047
1560 1514
258 1563
1700 187
496 1814
1700 591
565 1428
332 150
1975 1281
1340 1158
775 1006
1558 415
1563 1150
1371 1639
311 1753
15 1836
1219 1679
460 1360
552 767
106 995
1881 1148
958 869
250 1737
1893 605
264 1955
99 1761
445 1582
36 1414
1940 1306
1057 894
1077 197
1325 698
636 1152
1412 1086
19 1101
597 1075
1607 843
1248 1851
1553 1628
1765 907
448 233
1585 496
1576 1744
1080 1872
1020 746
1237 866
1627 1749
1605 1733
1145 1346
1723 1443
202 1479
1272 619
1646 616
1596 106
857 537
886 683
1314 1837
706 742
251 795
58 1995
472 47
199 248
370 1715
1153 922
915 522
1194 1194
1373 1793
512 1036
161 1435
1104 1279
112 108
274 893
1621 1051
68 1148
848 1917
352 14
902 989
415 1396
370 1748
139 1253
1428 342
1266 1245
448 154
1848 584
1435 830
1096 214
1289 1340
448 650
333 1940
486 1509
425 524
1463 1368
1940 1634
1639 1218
1072 1139
71 325
391 194
122 724
1445 1146
1194 569
259 1038
1714 803
1315 722
1227 747
791 116
663 198
758 305
1051 676
392 1165
1009 1491
216 129
247 1033
56 882
1282 178
1848 214
958 191
1137 1791
808 1436
335 1127
96 1512
1469 1113
1192 1244
1126 515
482 1747
653 1190
1162 633
1567 731
1732 1597
1588 1931
160 769
1032 1911
853 649
1673 107
1865 461
560 926
646 1169
1978 64
585 970
883 1227
1533 241
232 1360
457 1385
496 1961
415 1397
781 17
888 349
1293 1377
68 41
892 1813
1966 0
1334 1020
1130 438
1915 1208
255 1841
191 1378
1255 660
414 1578
430 1561
1856 1012
1715 1648
1450 95
88 1343
1427 501
1388 1688
741 989
905 624
231 421
931 523
1362 1709
14 1779
219 1166
353 85
315 65
1406 668
237 1509
539 666
43 216
995 1108
1288 1802
1418 1617
539 265
1468 383
1747 1178
1807 362
1477 1107
756 668
1448 1696
419 138
1144 669
85 874
1906 96
49 76
489 73
1634 1164
42 1414
87 1325
726 288
201 783
1053 445
2 1992
386 1316
197 288
1097 1873
1007 1361
1545 180
1508 1621
400 1784
696 1696
1427 570
191 515
1222 619
1429 990
745 919
1892 320
1992 1882
1628 374
1484 558
1156 312
831 583
1934 1901
1869 4
948 1770
1080 1732
1220 1659
322 1409
1490 581
1041 1540
1787 281
1276 999
1291 653
1099 1473
1246 1307
169 1618
27 1508
1871 869
1121 70
1437 1347
1404 1118
1964 1797
529 1981
1337 1963
1632 51
766 1214
115 245
1391 1743
626 15
1875 1339
991 14
806 973
0 1748
788 122
379 1057
972 748
3 998
745 1563
873 566
912 902
750 598
203 177
1540 284
520 80
58 1016
777 1373
8 436
632 637
90 31
703 72
1059 528
647 1843
878 471
917 840
1451 1276
1962 1003
91 854
398 1189
592 423
251 575
280 1017
704 1662
407 1936
1050 1319
1414 1457
1942 106
1015 1440
850 999
468 824
512 561
1254 841
1315 1316
597 455
235 1966
1165 40
1842 1156
1766 195
1964 1915
1039 395
657 397
1829 1890
1801 1490
1822 507
403 833
625 1855
1633 1198
1903 292
752 1985
283 468
1745 741
641 1540
1195 604
1132 1544
1310 340
1485 165
791 337
1614 1534
176 1725
20 1292
434 869
335 526
876 509
1645 1210
16 314
534 788
1813 1742
1773 1808
1058 1019
1735 724
777 1487
32 741
1168 1160
963 843
1264 1787
6 757
430 1385
1752 898
128 1413
1985 1090
1774 1025
685 487
1166 1382
668 370
1558 98
1820 1394
1089 195
1028 1101
1621 1540
1856 1359
592 1438
682 965
1180 1089
1432 1255
1834 1157
1193 1920
1239 1597
977 1729
795 1935
1 1235
289 366
626 1868
1900 1495
1250 1669
621 702
232 1319
1454 1476
997 1685
1217 140
716 1278
33 1707
1755 1649
1857 1408
2 546
1308 854
1619 1425
653 357
682 280
418 880
306 1934
1986 501
1780 166
1676 1628
552 1301
608 1667
881 586
1552 627
553 1871
29 196
371 1743
437 1623
1968 193
788 663
1868 1195
1834 87
837 722
766 1411
810 876
1182 1116
1224 68
503 1441
916 773
809 1629
1057 861
1907 1608
361 1400
1827 1032
578 1019
244 1644
1271 673
1871 239
654 1449
1311 65
240 1372
1781 268
120 79
1380 1878
76 1903
703 616
1305 329
912 820
1078 1919
1865 1393
306 406
1231 467
1232 683
1350 1390
1408 179
1479 1772
1420 1437
707 985
1418 211
374 1830
1489 1188
1626 20
20 132
1546 663
14 1766
1663 833
919 823
962 294
1097 1090
42 976
1394 158
747 1165
1332 1441
159 932
624 141
1 1756
1799 672
432 1891
1721 547
891 1193
133 580
426 879
227 257
149 1887
753 305
553 1861
299 52
1660 1917
855 619
419 1293
707 578
339 928
574 1864
1807 1399
1380 756
1664 729
1974 1382
1088 1451
1789 993
794 1321
1036 299
146 285
924 177
1624 880
725 129
1952 1159
1384 261
1900 1094
1099 688
1338 836
1221 8
1999 1093
1005 29
1584 1447
1885 1722
1045 1341
1505 1562
497 104
213 1714
803 789
882 696
1412 1495
1328 1829
1384 23
1548 276
602 1488
1094 266
890 1137
1602 1475
528 121
672 786
899 1083
1992 469
1099 685
1203 915
1141 1625
1864 253
1066 1029
1181 284
1311 1235
162 585
1991 1389
592 288
84 82
1676 99
1782 1952
1468 233
1348 970
1181 279
492 29
1885 1325
1033 1880
134 1430
848 817
1166 1334
1094 750
1429 142
269 1730
245 3
1391 1166
1713 1190
1748 622
75 259
551 767
1060 648
482 466
909 724
1285 1341
755 122
726 955
354 288
1419 248
490 1522
1800 621
61 1936
1657 356
1099 1440
35 114
1146 512
233 1470
895 762
1428 1205
1139 858
1506 296
1410 1884
1796 191
1723 402
3 774
1219 420
1718 1403
474 1026
1067 988
1458 898
1343 650
1875 49
1430 108
50 1606
1948 1507
1186 142
992 804
984 1265
50 1815
1974 84
881 1684
860 991
1878 1494
660 1653
1313 1668
446 1022
1392 1308
1734 1515
1560 953
1991 1289
1331 948
91 1867
703 1448
1716 1403
905 622
306 353
1554 157
1543 1504
1392 558
1240 1361
1957 1440
653 590
1689 1398
1853 84
1463 426
418 136
1199 438
642 101
1305 808
1339 1143
503 403
888 731
1323 257
748 349
1076 433
1369 769
1679 1542
504 27
859 807
10 155
1687 50
369 1003
1856 148
1222 1537
1331 1078
1881 712
1431 978
1540 976
428 257
670 1507
137 97
1583 258
799 628
1820 1197
1093 275
1300 164
409 1850
283 1825
143 1508
89 10
967 1441
484 761
408 1530
382 1442
181 422
1973 1271
96 829
1776 1455
1247 1461
1632 1204
665 1905
1083 227
818 201
1514 722
541 954
1675 1569
1764 1555
875 1036
1078 1393
99 281
276 391
1496 1167
1075 702
1318 858
430 1745
1314 306
1513 1383
1011 1285
869 211
1909 221
350 73
7 425
340 1381
961 1741
239 1154
326 217
599 140
930 274
1235 1431
1844 830
1000 1224
1058 1731
1141 997
929 621
361 46
1427 1112
619 1465
1109 1020
1450 1570
1482 1907
1896 1703
1971 1899
149 209
1114 827
1260 1121
677 219
1306 1031
141 1912
517 1096
471 1231
1502 638
1872 1499
1269 431
1376 1559
1913 252
1870 1888
637 1190
1077 735
1342 507
247 1382
1699 1466
730 942
566 599
726 1153
1259 1149
1366 709
1365 1216
172 231
409 44
1825 164
787 1276
1810 1116
480 1267
1985 1950
1837 795
49 256
820 717
1399 92
151 550
1021 1084
1417 252
878 1789
598 1579
1749 889
1233 1037
1701 1961
1730 459
1535 572
1979 103
257 1720
1979 801
884 18
1349 1402
763 1171
677 785
1809 379
1545 571
1902 1068
774 1682
1408 5
1966 262
126 777
1546 445
953 110
979 291
1782 1190
101 342
1 1883
815 350
416 1936
200 552
1074 1082
5 1846
348 1598
1233 1999
1910 1340
1070 1785
1818 1181
1598 1557
321 536
1911 1140
1819 1345
1448 485
1864 1527
1736 520
1580 1386
510 111
1822 1277
1760 1929
547 1867
1889 501
716 1137
678 1916
1193 1360
1595 1018
163 1618
490 1264
49 1775
897 147
687 1753
1202 499
159 26
586 1788
1618 1934
441 1519
241 990
1111 1772
758 332
1992 1650
1802 81
219 1196
1240 860
1782 1228
866 1440
1298 46
515 815
756 328
1002 1284
1671 1578
1864 1537
973 1639
653 56
864 1943
1052 77
1207 92
1425 796
1283 65
90 1020
972 889
1787 911
4 117
1861 229
841 1761
828 1088
1332 610
1034 228
468 1459
422 747
1858 1607
439 967
811 1762
37 120
813 1197
1985 1066
977 1988
490 867
339 546
35 1918
837 885
271 892
119 1164
1822 1180
614 1155
545 534
431 1473
1453 1462
1348 147
948 195
1704 1827
1922 1912
1028 802
813 821
982 1549
1433 1727
34 1492
591 1154
116 686
1914 539
559 1553
1120 1782
1176 796
1873 81
614 1883
923 1338
636 201
1410 1096
1318 1536
1417 1603
1115 596
316 1125
1290 1848
204 1877
1408 901
962 1418
548 820
100 1810
1038 1704
1934 1982
392 1148
1200 444
1271 252
277 775
250 1179
301 1077
1060 147
1502 834
1317 125
963 763
1495 1748
718 537
1594 237
1755 1744
1525 1887
247 43
308 1106
151 157
1131 1691
363 253
720 901
1527 244
448 1369
72 1349
606 747
1732 669
762 1274
81 1729
937 1949
869 1232
396 1732
1666 1791
1852 1511
1783 1207
1602 1523
1579 821
1257 624
90 1717
526 121
582 165
339 20
1048 84
1363 529
1807 1626
995 1593
461 266
1306 1389
611 217
491 1421
1421 1272
455 971
1697 1977
0 1976
280 1298
1621 619
1123 213
554 1797
685 1349
122 265
1988 1006
540 1445
108 294
353 1279
966 684
1793 669
835 317
874 1739
161 604
1465 24
1194 927
936 530
1469 1078
1038 1588
1853 1103
1460 1450
1805 857
1823 1565
180 1736
1902 1962
786 764
914 1827
1474 1316
884 541
283 1554
1982 526
1770 1481
665 323
1639 453
793 74
126 1002
1145 1990
1120 752
1921 228
1594 670
1224 330
1601 152
85 1030
30 476
671 183
404 1466
1777 498
712 1065
254 1959
36 266
717 821
934 256
1689 1584
944 1453
1692 919
31 1619
381 151
836 1043
92 521
749 628
1551 1580
323 1609
703 1535
1835 704
628 1117
179 210
675 681
1791 1386
864 65
801 621
37 1570
137 1389
1220 1699
1590 731
674 43
1929 1844
1944 1640
1414 853
14 535
526 526
1318 1652
532 1486
959 1023
1042 157
276 1838
1549 1775
5 1881
1325 4
362 1849
604 1481
577 1465
1687 195
1503 379
167 859
191 1989
535 1885
1520 942
1632 167
690 886
361 468
79 1880
1955 1562
111 73
460 369
1758 1945
458 1511
1209 1560
122 1029
587 1049
36 404
92 1849
611 407
1683 979
843 908
1028 318
1316 280
1493 1076
278 1892
907 1823
1488 470
1797 251
1967 1839
1317 79
1306 668
1377 387
1794 1823
1244 835
1635 706
1191 917
1504 1444
1858 1268
1650 1254
530 706
188 1356
284 948
496 985
1529 1384
519 1076
628 1894
1444 41
1044 627
18 107
440 783
127 1800
1681 948
1487 1510
1010 615
537 1145
1932 243
684 1540
1116 33
1723 374
533 1557
1355 1630
522 666
1938 432
211 1866
246 1632
680 1628
1757 1553
538 922
1720 792
738 850
801 1486
1323 19
1848 263
1721 449
408 289
478 389
263 654
900 1822
607 286
507 428
135 729
1646 1496
1877 1531
1594 1903
985 1063
1348 478
73 406
198 1038
1773 1989
34 132
1481 475
1927 534
381 1028
1771 957
1609 728
94 1403
73 1276
9 1634
831 321
699 1061
949 1090
1121 856
1597 1208
377 1837
271 492
32 593
1516 245
1820 176
1547 118
1052 1051
523 86
1095 601
564 1920
1437 395
1957 1831
502 1689
1839 1729
431 1888
9 1169
149 592
397 1663
1084 512
1070 895
443 1537
921 461
992 1522
1057 613
1528 37
82 672
458 889
1480 279
272 1370
1395 1341
801 266
1729 1230
1401 49
1602 1336
550 400
1529 1361
1778 335
184 1104
770 801
207 1523
1852 240
533 1047
1575 297
462 37
620 736
19 1747
1460 736
1060 1544
364 404
279 815
270 1943
971 571
885 1351
1161 810
1930 393
1943 1466
1325 99
1530 1984
1341 1685
900 502
176 1410
585 1499
1788 1694
709 1937
1095 1168
781 1228
665 944
661 1727
319 569
1300 1259
1470 436
598 110
909 772
1610 1663
1219 1993
1295 1041
1933 1393
501 257
197 1040
718 610
698 397
1426 1820
893 1058
1778 29
890 411
192 1406
1394 1754
466 125
1541 1850
514 1191
1373 1893
1129 1884
211 1418
219 5
1247 1836
1572 1164
1391 1102
66 912
246 380
1606 1411
1353 1371
1462 1320
479 889
1879 1512
498 1030
1728 314
1220 663
1545 1567
1125 1529
570 386
457 142
1192 162
1096 258
1089 998
1560 385
139 686
1216 1273
1416 425
1559 968
248 215
849 591
1016 549
1964 620
928 1264
1787 188
589 290
915 1335
1062 987
483 485
1675 1602
1358 342
844 291
1524 1508
459 558
835 818
1689 1320
741 556
1408 116
894 166
1673 411
302 53
216 1180
1301 134
1732 883
655 1299
1220 1291
1676 1310
1314 306
784 1078
1296 1994
831 124
1470 1130
8 1682
349 1413
81 531
901 1757
1952 1807
1184 1514
1569 1195
777 1197
207 1349
204 1681
686 1432
1795 82
1635 934
766 1881
480 1553
1663 649
1663 86
1606 907
1220 1800
723 763
927 1364
1504 509
1713 1395
394 872
519 1507
100 741
1016 135
17 993
1621 1198
1895 1123
625 1228
1637 1724
1616 617
1352 241
1347 1921
811 1278
1583 928
1565 1
448 1699
1413 1878
400 164
969 486
983 483
351 1308
1047 1493
1654 1517
1879 11
224 1736
745 1346
983 627
1547 1708
705 751
1052 236
1390 1326
590 564
1715 112
1543 1739
731 462
1522 112
199 588
188 1638
296 1721
407 1586
1204 1447
580 671
435 529
800 1011
421 1887
1520 1595
1006 74
668 1227
7 1793
636 1992
1855 1787
1681 419
1317 1766
1284 1081
583 555
235 850
1034 1503
646 255
1574 931
1012 3
1911 1266
240 520
38 1027
55 728
138 1283
1921 1075
1896 1011
948 602
929 954
1648 400
731 1847
67 649
147 1764
454 1800
1482 1962
82 1385
735 672
833 664
773 1700
1294 768
28 596
785 34
1549 328
648 386
117 1572
364 521
1816 378
176 208
523 1079
1932 759
1647 548
49 1832
125 1959
374 1450
729 1514
1013 433
984 1817
1410 507
30 892
816 304
694 921
1476 1610
360 1942
662 1262
804 1365
1203 975
1357 1726
592 1991
1366 1105
91 937
860 632
928 1740
10 1033
554 1768
251 3
1626 219
748 614
468 1615
442 467
229 284
649 749
560 1819
1116 1966
342 1697
327 382
557 1656
1103 975
1325 953
1688 1775
887 412
920 310
1175 308
364 873
1529 1532
927 1586
1738 312
121 1682
1910 1674
899 95
434 1374
332 1353
709 190
882 447
114 491
1566 258
1762 188
944 1898
26 1806
1979 1476
330 66
1365 924
595 964
1893 1181
672 1336
1883 1164
1548 598
1195 1192
1602 848
45 1362
775 354
348 864
244 1535
408 187
1399 952
445 946
23 1609
831 924
1091 1758
1424 579
572 264
30 1359
639 584
1498 1297
74 1649
1430 1497
896 1829
733 1482
1943 756
842 180
633 572
992 116
876 1545
1704 1335
1019 1823
1956 632
1969 1383
1281 1609
1622 101
599 907
1722 55
1978 1019
1221 561
879 1019
623 295
178 1240
1547 1601
53 825
68 628
288 1156
1177 970
1376 1506
1715 694
675 1456
845 633
292 1614
1607 1062
1311 1697
1394 382
15 655
537 563
1121 1858
1965 667
581 1227
482 139
1896 65
1097 579
1844 103
915 438
390 285
762 214
165 420
1804 402
317 1887
572 686
497 1375
775 1581
1981 75
1701 398
1919 1354
1274 475
1964 993
1419 1736
1080 1034
1943 98
1274 1352
1235 725
1888 1624
946 1178
665 1107
86 641
1488 1634
1702 1652
882 1681
739 61
870 505
1808 1812
67 269
875 834
370 1508
899 945
1707 829
303 1807
517 1909
955 940
687 1465
287 378
1452 662
802 367
1432 365
616 1073
1202 299
264 33
595 1989
365 932
1514 284
1799 716
411 184
199 1206
472 511
665 599
1681 83
1909 75
607 593
749 617
1853 1873
1914 1229
1731 1208
169 1353
709 1392
1750 452
1271 862
302 1379
428 349
1601 456
1427 1611
426 1609
115 1615
1194 1711
1866 1257
1371 330
1773 1828
1907 1000
600 581
1632 1705
534 1893
1217 198
987 1908
389 142
1341 1350
861 1962
110 482
1221 415
1656 885
1315 1281
635 870
1679 732
1758 414
101 1584
1329 306
1817 235
1840 677
1710 1363
1927 863
769 815
793 789
1096 1384
1964 1328
1937 1987
977 476
472 1615
1056 471
1271 1840
1000 455
487 1678
41 1776
1479 1341
1073 1195
1694 867
661 1455
1825 1836
881 1980
348 702
809 1588
517 760
200 1057
53 1538
1124 1952
490 1081
155 547
921 756
666 1680
835 1375
1247 1679
1914 1935
793 435
949 179
646 1743
1586 1958
451 912
69 1348
697 166
1116 1885
1929 361
1161 1433
1256 884
1055 1871
164 1887
1973 1910
376 521
184 465
1620 960
343 1972
1637 1195
406 1451
979 754
1191 755
1035 870
155 1830
728 567
674 1018
1040 1890
1681 299
475 943
570 1465
1262 713
171 537
1491 1534
33 1446
703 1019
1035 1698
1216 1088
1316 1859
1921 1016
1101 353
1710 1657
1564 278
1275 1824
1531 284
371 306
964 1929
16 809
1271 1844
44 1317
786 1585
1839 267
217 417
1375 889
549 1854
1019 46
519 164
694 924
1418 689
1820 1842
1234 97
773 1072
1701 60
1026 1457
1777 1557
1331 970
1690 715
645 1692
1255 569
808 1955
451 828
1435 352
1023 245
649 165
922 304
1874 1172
615 111
1265 44
863 1202
3 1503
879 495
1710 186
441 1553
290 248
935 1620
1784 1592
854 683
957 1192
1718 1234
0 591
982 1356
1240 1838
519 1537
1553 1466
677 466
1976 265
34 951
1176 812
1306 993
94 1002
1622 1835
554 1706
1989 362
362 977
573 610
1856 295
147 97
315 1187
1793 1847
946 1724
399 311
1312 654
1589 759
1054 711
1641 808
376 122
932 385
874 149
1012 323
1041 1161
1254 2
1021 1855
530 91
1393 994
214 1498
895 1757
287 1450
40 323
1340 1587
257 33
70 585
451 366
1980 1718
527 558
1861 1208
30 666
1169 629
1042 502
906 679
453 522
153 492
1103 638
49 1015
1488 786
1963 505
1076 38
1573 1868
1981 1655
532 164
1365 822
545 555
1902 354
870 1071
41 1301
1205 1475
1914 369
1782 1992
1941 374
1584 1984
523 1864
1328 1974
771 1453
177 1545
752 399
1463 82
812 913
132 1705
675 1433
791 961
848 1130
1488 751
906 1255
300 1576
475 222
1963 1945
1460 1381
373 1394
1802 1756
1918 990
1251 1176
1545 50
764 1962
1800 383
1112 49
1564 1745
1128 1653
1604 573
1224 1852
1901 184
466 1104
812 25
740 939
641 842
59 1001
985 1927
1967 1030
1123 302
1884 755
1846 1551
1523 0
786 1050
364 1097
156 457
136 1447
611 1558
1662 1578
813 1078
539 68
833 1217
1708 1845
1032 1591
150 1180
571 13
415 1654
55 234
64 1378
1948 1060
1706 88
417 1875
526 526
1505 100
517 1463
318 197
545 1114
1003 1705
1970 301
689 254
902 1906
1347 560
1686 1637
449 472
825 1112
786 1524
970 877
635 1049
323 1813
1210 1701
441 1281
370 1932
1583 316
872 1800
1078 702
987 608
1690 1185
738 1720
345 790
749 1762
1103 513
822 77
1672 975
1833 1790
935 1038
1928 1169
1010 1057
444 94
1401 1744
64 403
1058 809
1557 727
1839 1349
312 1762
1252 1879
74 1791
594 1972
432 332
799 1146
1734 758
49 116
327 444
709 859
1774 1456
444 1728
758 895
1113 1451
1499 1137
1013 55
1679 1108
671 848
1141 938
643 1669
1159 1553
154 1899
1781 474
1768 166
628 1691
385 1992
240 481
927 1011
786 1591
211 128
650 1279
1265 15
1809 187
775 150
1915 771
1197 346
552 1746
318 1164
921 1394
1705 1359
475 1892
1428 337
474 83
1682 1143
87 1560
951 974
1784 1582
79 124
21 1895
197 1991
1301 1060
250 937
58 1471
491 1324
1654 1336
746 1667
692 1792
574 549
88 1471
84 1615
1193 1047
1543 190
70 1284
279 214
455 273
1042 134
822 456
942 26
1029 679
1798 423
381 1358
1148 1145
437 224
854 781
219 367
1322 1330
954 716
382 990
1152 86
1856 1486
1988 1160
1471 1259
1209 1579
1589 146
1983 1056
415 188
153 1786
288 1324
1006 559
733 1244
931 837
10 312
1903 1392
736 1420
280 479
46 959
1547 1163
1929 1559
977 362
1295 859
840 946
1890 459
1867 1169
1760 764
1860 875
1849 933
127 1311
437 1913
1158 1462
591 1176
535 1063
471 250
707 671
198 271
263 297
43 1031
1193 1638
107 811
826 881
719 1325
1456 1760
157 1890
656 1671
1042 1871
1888 1771
547 742
729 1026
759 1777
863 856
635 543
856 95
1149 247
1965 984
505 1290
168 1372
186 594
1339 661
706 1068
619 1338
618 287
342 1802
595 1884
422 238
1488 430
1602 1142
1223 1438
385 1314
1669 1309
472 85
1575 1023
717 284
290 990
1318 1374
807 431
1471 119
1315 26
1603 1671
1776 214
188 939
603 1323
1038 1422
1936 146
835 824
1274 820
1452 1424
1110 1259
1847 1704
941 677
1533 994
1364 1000
1242 1192
62 1313
1523 8
759 450
1344 774
881 1500
1147 1594
271 324
725 399
1247 531
741 423
1511 518
794 1160
859 170
1324 952
729 1101
756 697
490 1799
1331 1726
1238 906
1696 184
743 126
612 72
1047 1514
1959 158
265 1717
922 575
772 549
775 1314
1355 1685
381 1844
1725 1247
1867 1541
696 155
53 171
1470 866
1137 1570
504 782
1100 85
1607 1573
808 1834
1066 1154
107 220
6 632
51 199
419 298
860 1556
1317 743
650 543
1168 144
1951 1517
478 1172
1611 280
350 1993
373 819
1312 941
1538 702
1991 1236
1835 1322
1259 1195
1713 793
1117 1747
1881 1279
1362 1441
657 212
197 378
1234 746
1507 1237
156 1986
763 550
872 512
551 130
1381 429
731 715
1744 1678
1910 1022
481 528
1569 307
166 1381
414 1635
1622 354
1902 876
1239 1321
1772 1056
1142 284
1333 1274
1512 830
417 1821
1744 506
1736 1590
1564 730
1544 1466
1631 1253
1174 177
509 1309
1197 1142
815 1475
1516 1569
952 1154
399 207
1188 759
701 73
1290 1093
332 616
1010 1462
1224 1406
1247 1636
376 1505
363 1374
1532 1620
1947 690
1641 1622
782 527
1278 1864
1918 1423
173 19
513 919
1755 1679
369 755
789 1907
994 1798
1350 1200
1873 1861
688 1036
1191 272
1591 1328
683 1899
1182 270
392 341
1853 259
661 844
833 536
1084 1984
68 263
735 1908
1849 1331
487 1009
1465 1884
266 391
615 844
14 708
363 1483
706 1624
1904 428
642 1567
211 1659
121 1670
1997 138
1408 1144
890 915
1745 772
838 148
1456 58
1895 1494
355 1823
740 1230
1600 1283
846 1501
19 376
1282 511
105 1285
526 1586
973 1734
121 21
619 1173
1040 1575
45 467
883 1760
1003 1129
423 1731
1639 951
1834 1547
892 1271
184 1844
935 46
365 1863
1041 1466
759 1767
1973 1620
81 756
464 913
1632 5
289 1590
1382 1770
211 1430
1101 1457
813 922
368 289
964 1360
1623 397
1779 1129
33 1575
621 1148
50 1404
830 347
1768 912
1575 1065
587 981
40 876
657 1071
1738 546
307 1953
183 1855
65 322
1850 1052
867 94
173 1124
1747 78
678 943
1026 548
11 970
631 1474
1022 386
315 1396
798 1209
1080 1791
70 1505
1973 439
1589 1261
151 923
1545 18
1603 571
300 1566
1472 1957
376 1462
762 912
363 949
124 738
1117 1414
163 138
283 36
437 937
1983 1383
977 1951
1571 588
1532 729
4 1947
982 673
1195 1681
1577 1130
674 142
1797 532
55 898
989 1270
306 1518
1374 1844
268 1137
1241 77
416 1704
957 14
1598 489
1753 1225
377 417
51 1117
1548 1602
21 1172
1937 1017
1173 398
1819 1278
405 1699
1201 334
966 1820
202 350
256 1573
1 1983
1438 1339
1047 460
1667 928
1864 1981
178 1692
703 1550
1204 1583
1878 23
1328 322
210 1948
756 1762
1545 1499
1495 1060
1033 144
1110 1727
1047 972
75 31
146 789
812 1507
664 1932
1974 1797
863 561
1996 914
93 1803
1337 337
1035 308
419 1837
587 1296
1253 1004
1287 1566
1450 1093
1597 363
1279 1096
634 1066
1677 458
617 1789
1571 1127
417 197
1715 1421
1506 352
1176 265
1874 462
889 1312
791 124
50 1892
1255 1524
382 696
767 865
549 708
1207 348
1911 675
1052 509
1374 28
1819 434
530 289
1349 664
1021 1936
266 521
276 1674
217 1682
1645 78
1374 1029
1039 1153
1651 592
779 587
1943 466
951 1535
983 512
540 1420
451 141
1424 186
1447 1804
18 1905
1248 204
1404 1642
858 1322
1727 119
628 1080
477 1662
1589 181
1084 1477
1884 1322
1172 1108
1325 54
1283 1052
1053 1235
892 1647
1679 885
408 793
1434 70
1818 1756
957 972
248 553
476 1686
1860 241
930 1574
1920 1804
93 183
1414 310
1824 1331
972 1780
457 1934
340 1492
607 210
935 55
826 1771
763 1055
1190 671
1426 756
500 362
643 1484
1615 68
346 1431
229 1477
847 569
1130 1739
13 934
221 1898
1790 1781
1971 1094
476 1004
1954 92
1333 1227
1367 1473
1004 1465
486 1331
90 94
1040 517
120 479
166 807
445 921
883 1605
1358 19
1414 424
1771 643
609 404
861 1320
407 262
1594 923
1746 1702
877 541
1376 81
1578 1552
160 1478
1373 926
1224 1855
1074 1225
1 245
104 1008
532 882
1226 1097
864 745
128 701
204 1389
942 442
582 1707
1224 668
609 750
653 1156
1848 1091
586 1291
782 1421
746 137
870 1280
1436 1476
562 1793
1891 1217
1657 1823
578 1366
1531 342
1154 1576
851 1894
1943 1999
1901 1385
1900 206
381 1631
1093 261
1038 1044
730 1505
969 866
628 1767
1456 849
1938 405
910 1244
66 1650
1982 1474
1436 1134
887 779
1135 1038
214 657
341 1911
541 1709
1120 1764
1210 66
1207 808
1369 1823
1451 696
1502 251
698 605
826 135
1693 255
963 1535
215 330
1705 1136
1242 1096
4 1738
1653 758
778 1345
255 1701
715 1221
76 190
1889 1298
1591 1174
1218 1778
677 1196
149 1597
988 101
1834 1033
1326 442
959 199
216 273
192 764
618 1297
1299 854
1008 475
1129 1075
1882 1561
184 312
1950 538
1552 1752
1174 1039
397 1201
609 1482
1822 1121
34 1521
1160 1310
678 1230
881 1693
454 348
838 231
1332 1203
555 1896
1828 1992
1839 203
1326 1734
1840 45
1040 978
1733 1991
1895 1525
1322 1641
1382 1184
1866 1725
1432 32
188 211
594 799
325 201
568 1850
1580 1462
385 1511
290 1514
1057 776
287 1055
1375 421
1542 535
705 611
1744 1680
1717 462
1546 362
1140 28
765 1971
1862 848
1861 1464
602 1153
1713 802
1121 365
1845 49
1922 900
1183 236
1370 1199
889 1544
1365 199
663 1952
1606 1640
1289 1984
346 1451
916 1005
1747 1115
983 1663
866 871
1233 16
103 152
349 6
1057 128
1544 1759
1754 592
1192 880
421 1447
1766 1451
1272 1303
1431 229
679 92
27 1358
424 1402
129 263
1058 438
1973 329
662 365
349 705
766 1183
1858 148
1925 1531
79 130
1455 1952
1350 854
334 103
665 1130
1694 663
1441 1641
449 546
4 1069
1647 908
849 874
1808 601
1569 542
1371 0
1439 1629
713 1027
978 1890
442 609
1580 1207
1817 1582
1985 1010
410 1278
1923 1500
442 780
1311 419
1578 788
697 57
509 1003
1916 1885
1235 981
190 1899
871 1898
45 533
134 397
93 74
868 1788
865 1600
926 1769
817 220
889 583
1917 1892
1931 1116
1733 474
1415 158
1784 1365
860 320
1204 1393
932 1248
907 543
1997 1264
726 1803
1218 341
744 1621
352 1459
350 1779
485 1687
1452 862
741 538
1076 943
623 238
108 471
565 635
143 736
709 1950
192 1103
389 992
160 335
115 1132
482 1695
1703 1235
1279 12
1414 433
297 1386
1114 1563
1519 1822
306 565
919 603
521 994
1400 713
348 1809
1018 1746
1574 979
949 1485
1797 1152
1862 38
703 1534
742 913
1471 1658
1240 1577
1931 1215
1752 252
731 1421
28 1882
1690 295
37 1785
163 1357
1969 97
137 1601
16 974
1133 1729
767 1100
554 532
465 1133
1785 164
1201 1140
1649 689
352 1858
1487 805
513 1290
1598 1919
798 485
285 1426
300 674
1077 1964
1809 891
364 460
1644 1650
1519 46
1664 1114
1528 267
1958 1279
1426 1584
1181 946
919 1491
793 1394
1900 704
326 1222
397 1069
770 506
118 858
1085 1962
984 652
1282 810
454 25
1111 1101
1548 882
329 333
382 1961
762 1603
436 348
1066 661
288 272
1398 590
1076 1667
1049 1617
33 1442
872 1419
1561 1079
1269 314
197 612
132 787
94 743
1881 22
465 985
169 1614
1445 552
1455 228
1323 34
623 1623
1869 1844
932 423
1323 154
645 917
1968 1993
1644 666
565 1311
1246 1507
292 47
1769 1564
615 103
1433 1948
1824 211
1357 872
52 837
977 1617
1995 1692
194 495
931 744
13 1592
1514 1244
1837 1621
120 1652
264 1953
1954 1776
1230 12
1957 285
1987 850
596 1063
263 47
1021 1204
429 1995
783 1523
279 804
476 1389
930 1461
1086 15
802 1943
883 1427
1711 1882
1840 1866
1896 923
1619 375
359 779
1352 310
565 1909
535 1825
1123 181
1853 287
1383 1286
1603 29
678 1838
1000 1782
1734 229
1491 854
1963 453
1014 1267
129 525
1099 199
54 68
682 492
691 242
1265 921
552 662
702 231
344 1284
24 1963
161 934
459 1964
116 167
211 1697
1271 435
831 751
561 1238
808 113
646 743
260 629
1170 446
348 261
28 1875
252 1933
699 1924
1903 1130
1438 548
621 308
1813 1005
239 1484
765 1331
1247 355
794 1516
257 1758
1683 1605
1017 639
90 890
1386 1657
1599 713
1184 1830
527 426
1733 190
427 837
1830 1703
203 682
830 587
1671 1919
325 1288
1766 1221
1454 513
1630 1780
1883 408
1062 1257
1118 455
90 989
1650 1022
360 1727
898 70
1508 438
85 593
926 730
788 1824
265 255
111 741
542 505
1095 1359
1877 1398
291 807
1494 251
1678 1696
318 642
596 1699
727 748
1253 1899
62 1745
1249 270
394 1812
1475 372
461 247
832 1288
8 659
17 377
1722 1305
808 1837
1438 873
466 372
1047 1246
514 1557
877 899
207 1182
1325 1260
860 1955
1266 855
1167 1877
526 717
596 1024
511 1490
856 1524
374 1460
492 473
617 85
634 437
1827 1768
565 1812
116 1307
1345 556
1240 94
86 1442
28 1318
1148 674
1397 1218
120 798
213 396
253 1803
684 1354
836 855
1387 554
1722 784
283 734
159 599
966 1458
1714 637
569 898
912 1860
550 885
405 562
1635 298
1880 0
321 1306
439 1722
404 1449
1994 947
84 877
1256 921
1374 1860
1781 616
508 772
1353 1519
500 1361
78 544
351 1986
1626 1108
235 179
487 1015
305 1176
870 1179
1651 862
240 504
1061 897
370 1651
215 463
1033 1210
1907 1610
903 1587
1795 99
1372 611
250 60
237 1176
579 505
506 277
1888 1868
1447 1750
576 1113
1338 308
4 1999
791 1390
321 466
1278 127
340 1229
1844 1316
1580 523
629 1301
438 1610
173 1240
1098 511
1499 81
601 1842
1043 222
685 1497
1933 436
955 378
1804 169
1301 47
355 216
1092 1560
597 1020
1798 1631
48 3
650 1413
949 492
1103 1593
1658 243
735 808
24 1782
1821 739
1230 202
485 1003
1631 860
1171 1755
422 614
1086 614
1251 1937
1860 778
1760 1763
173 250
660 92
480 1136
1913 851
885 1078
902 626
1703 869
526 1708
1024 1756
201 1966
1561 879
945 877
1216 1020
947 593
1758 164
1126 516
419 167
1496 783
1010 1292
862 352
704 1744
967 1093
1474 1381
1919 1824
1835 1834
1279 1811
1064 1616
804 994
1281 1063
1737 1478
1268 1960
913 1130
162 344
1476 351
1301 1997
1971 1247
1641 566
705 607
1138 1271
230 1154
1448 252
950 1305
886 357
1520 64
1213 425
591 629
1675 900
842 1305
1246 1297
1587 1032
1364 1201
502 1590
967 1607
1607 1685
1441 731
1276 1100
168 1057
1793 1265
224 1268
1642 173
430 708
1465 1728
75 503
1751 1697
1034 1090
1473 143
480 363
1850 261
1957 608
1403 133
1995 1651
11 115
400 1935
1424 1934
624 1661
277 5
1224 679
799 1981
1344 22
1433 250
1634 1540
1686 1825
527 129
957 1043
1675 1429
1650 1400
1981 522
1047 1191
1984 244
895 1392
1771 50
1765 1666
1237 1774
955 1694
1851 955
1065 808
1704 1670
1290 891
1569 1128
1630 744
333 972
896 1236
307 1555
1649 415
1303 910
909 395
218 952
1959 438
748 106
