2000 4000
807 1249
73 1658
930 1272
1544 878
1923 1709
440 165
492 1042
1987 503
327 1729
840 612
303 1169
1709 1157
1560 933
1099 278
1816 1335
1097 1826
1512 1267
1810 1633
979 1149
579 821
1967 672
1393 1336
1485 1745
1228 91
194 357
1001 1153
708 1944
1668 1490
124 196
1530 903
1722 666
549 24
1801 853
977 1408
228 933
298 981
635 13
1865 1814
1063 536
1425 1669
115 94
1629 501
517 195
105 404
1451 298
188 1123
1505 882
752 1566
716 337
438 1144
1501 897
1871 1828
1137 1358
1177 397
294 1904
1609 231
1745 175
1635 298
142 399
1968 412
260 1557
1594 8
395 1968
1113 530
1006 962
1942 1365
82 1852
767 1821
1695 712
1671 1901
590 831
738 1057
1616 1790
1640 679
1335 1006
1972 98
1095 1319
1454 1223
289 760
905 126
123 1506
1813 770
1238 1094
220 1844
366 534
1226 1394
1363 738
1844 1590
550 1159
623 947
1385 1217
1272 1539
1247 385
1496 885
623 420
144 1968
1735 1915
1625 1534
42 11
679 152
1244 1295
818 396
1692 1815
991 33
669 1397
1553 547
1825 1210
1662 211
1808 1377
761 625
1335 1868
1995 776
767 1439
1874 1331
556 301
872 560
94 984
1755 1789
1407 15
193 769
1680 1455
855 1506
963 1502
676 1108
1249 331
1844 1638
808 1997
651 849
1203 1731
531 14
1419 775
9 180
1929 1223
54 260
737 1545
1317 1525
200 256
1564 597
648 1704
1550 1150
1976 1412
554 797
504 381
748 1065
1378 1699
209 1129
553 1483
447 607
773 1322
305 1176
53 1224
630 366
1400 444
1370 285
1016 1898
155 1133
1557 576
1178 266
1357 1711
1878 614
819 1737
1133 591
1720 762
633 197
31 588
589 873
877 1304
1358 1200
1254 960
915 1947
1480 1730
1955 546
1107 1238
0 926
1035 857
1113 114
1593 1360
354 418
1357 585
1729 1015
563 102
917 643
1419 967
1747 1269
1395 1303
473 1103
1748 385
1658 1459
1406 1930
1824 1132
973 1603
897 1920
1950 1231
480 203
1900 520
533 1258
1003 676
950 1934
780 1879
1832 574
1549 542
249 771
310 1879
983 1970
40 723
1650 971
1229 318
1746 299
1230 1621
776 124
244 958
1696 771
1064 1560
598 751
1940 503
1551 801
1205 1080
418 1274
1649 413
1320 1025
12 1783
788 117
8 1550
1324 1195
1257 511
1690 666
410 593
553 1565
960 742
1403 352
1307 141
910 1200
799 1127
171 1787
414 1625
641 1517
1348 1842
315 1974
1445 1373
220 1911
1239 1054
1305 929
253 189
1166 356
1304 1860
1898 1592
1720 116
1580 867
1352 939
698 901
811 616
891 671
1728 671
1661 1045
1120 240
1158 1453
1627 1350
1711 1563
1594 1533
1727 1827
795 1531
1442 1516
1006 515
924 601
1097 661
1103 324
108 936
281 1015
1710 1216
1905 1973
1781 720
791 1169
1865 1827
1536 728
1125 384
167 1949
476 46
1576 666
1467 520
1384 1991
1210 1258
211 744
1518 1718
1934 825
767 689
1818 1014
1825 918
28 1029
34 727
1240 1754
540 396
935 1083
48 865
1011 1252
1064 1876
1237 675
245 710
415 192
710 747
1037 1299
447 1715
1693 1579
1129 1164
1979 1501
1525 289
958 33
1800 1089
1670 1217
846 1038
1543 338
1936 1321
1719 496
1247 1788
359 1987
1035 1235
1912 1684
1989 1784
1734 667
519 615
1045 1976
661 1825
819 1631
903 698
798 639
4 1503
679 765
1391 107
924 365
1121 454
1106 1450
1703 832
1032 141
1654 1977
217 1900
1289 1465
747 1622
1879 1317
1516 48
762 1029
1039 708
1903 657
761 1752
1466 621
557 996
955 930
1494 1555
221 1312
293 1427
232 1444
791 198
1152 856
1570 303
1439 914
1799 766
1835 1921
43 752
86 1719
1150 410
623 669
1605 1943
1311 431
1992 1816
699 971
639 1370
1836 1891
857 833
1328 177
410 1683
1176 1489
91 434
711 904
1026 891
790 522
1364 890
884 813
1441 1127
179 1784
537 1870
1561 581
165 1802
1732 1332
1854 1759
1847 377
462 1010
1819 150
1377 941
1836 720
299 112
759 1956
390 152
48 1014
1044 918
150 101
1295 1821
1731 501
245 961
57 1510
1928 805
173 137
1669 1096
503 1421
675 518
300 489
262 54
263 643
889 1250
735 1415
1364 494
963 1758
1652 1092
1316 714
1420 60
1450 1368
741 1847
1196 787
501 234
1128 571
1448 1875
1253 1871
1329 293
1719 1471
820 1764
1079 630
410 80
113 1342
138 382
44 828
393 1575
980 1000
1596 1947
1370 87
543 733
852 261
824 400
380 778
1857 1423
1498 1014
845 1662
509 610
849 1218
1290 1055
1743 555
385 534
275 1321
1151 1226
1251 459
783 714
437 1879
1698 100
1137 285
1878 284
342 915
1960 1067
1140 707
1566 728
562 363
1969 890
623 278
1313 1761
1010 840
978 0
1394 507
1656 551
1786 1431
544 739
776 1584
252 108
1514 1454
1019 1028
671 370
663 1947
24 543
854 8
981 552
288 163
359 1019
1379 1356
1461 487
353 1899
1788 244
1880 466
283 1274
236 909
567 1834
1939 1684
1651 1549
1266 1467
110 1589
327 1773
1581 1295
1936 1874
1435 231
972 1028
1798 1070
587 297
1089 646
1090 111
612 1463
112 1781
1951 1230
1321 1213
1128 1950
600 959
1754 1992
1194 1330
632 1559
777 1779
632 1272
383 1081
1153 622
521 1956
1818 1591
900 196
120 704
1599 1129
1144 1175
870 416
599 1080
618 288
1452 128
800 1662
840 1149
385 583
515 659
878 1959
561 382
48 54
1440 1381
770 28
251 1544
1869 1595
469 710
172 1923
125 219
850 1431
1243 1846
1869 670
1394 610
392 1064
1524 1361
1519 1620
1562 1661
1725 1434
1949 90
1322 260
93 1928
1122 381
366 468
1023 722
639 1517
793 1364
1178 1956
771 341
1355 836
489 1728
1120 902
312 1616
1347 1946
851 672
1811 523
1736 605
1607 633
1866 1553
1412 1925
40 1153
257 1733
295 139
251 1258
694 160
1138 1929
1875 598
292 1633
562 1276
1236 646
1873 1464
1484 192
119 1842
1328 859
262 145
1716 1127
172 748
0 370
1398 1292
1545 928
300 143
192 1563
783 272
1801 9
221 486
513 1769
531 1357
1819 1486
856 1816
254 1754
1814 615
537 966
1297 877
1760 1412
191 231
174 463
877 324
784 1833
750 1527
999 1429
1609 144
1364 451
812 1979
134 407
1583 1600
259 310
753 1891
1321 1225
1253 1929
96 553
661 858
1491 963
920 768
1687 526
1472 1219
1641 204
951 92
445 1370
1474 1962
176 1317
1826 413
1344 571
1979 1035
129 1288
1848 978
1617 1723
1838 1508
929 926
1968 1806
1199 255
1829 1276
1488 1896
819 1864
1137 416
318 491
683 398
1120 1748
1961 1651
1018 1977
1946 661
1478 228
1063 1235
1506 1308
968 1679
119 1323
1677 1392
953 978
1853 1295
271 475
204 962
32 819
1531 35
1468 468
610 234
1270 778
265 1045
1279 1075
1327 687
1363 1037
1766 534
1083 675
184 1555
156 1399
1664 93
1886 633
924 47
194 1330
767 1665
910 1682
805 314
1652 241
1585 1591
1806 760
1960 912
403 1430
1085 200
585 467
484 1988
1200 1686
100 1495
199 1102
428 1183
1917 1136
1802 489
578 1725
789 722
595 605
319 691
721 1774
514 1862
1706 1283
626 419
1801 330
1644 375
1258 1462
1131 736
720 308
1024 947
508 411
1397 0
314 1896
1999 1645
533 962
539 1754
821 286
536 10
662 173
493 635
988 571
838 821
891 413
560 1957
92 743
1775 768
413 415
636 1891
1347 369
832 134
928 1143
879 906
1054 1807
537 1203
421 1447
1034 1949
1416 1759
1938 550
1183 186
1096 1685
524 1922
363 1181
1012 1251
202 1495
1536 1454
208 980
31 830
95 714
1112 136
1937 9
1685 919
381 1610
1908 1609
1439 867
119 1266
999 520
515 577
1922 1142
1980 1881
885 30
325 436
994 1945
602 1233
480 1456
834 517
881 781
1458 805
992 160
651 201
542 1944
1635 1555
1872 1443
1322 1013
441 781
1779 1518
1160 1729
955 1082
1364 1032
1313 1195
328 504
1855 1711
1881 1610
1904 551
1616 761
864 1405
122 1113
943 636
1118 994
188 1743
1639 502
343 1070
219 212
1317 1932
1782 97
1859 1073
1590 819
10 911
1015 978
542 45
270 562
1008 1983
1099 709
213 550
951 665
1502 1617
953 1299
1916 1584
1869 1442
1503 1515
329 1257
1382 264
1352 1154
526 27
755 1259
952 1386
1422 1129
1786 1549
1879 1198
890 603
686 443
827 1585
198 587
817 31
1476 1461
1563 214
383 832
1722 1511
791 871
142 733
1553 30
380 704
915 887
1110 681
1558 786
1433 40
659 1936
1562 938
1754 526
1526 1712
1595 621
1177 341
1158 1054
20 1197
727 451
1462 332
937 804
57 405
907 1943
258 539
1343 1697
281 965
1457 1605
117 412
1624 184
1459 299
216 740
851 1846
922 893
615 49
1361 1649
1231 1796
123 696
1444 1250
238 431
1359 1935
1265 1801
387 437
1948 1120
1424 1894
775 1903
989 286
845 143
1257 332
1261 1578
1104 202
1031 220
686 630
643 367
1648 1844
1317 1749
125 1273
1863 1416
680 1348
979 957
814 705
189 1307
905 527
1614 1715
1308 897
1449 1495
29 1026
1866 398
985 662
1518 853
579 203
1383 723
559 1221
1174 1034
675 702
1436 1279
915 750
1013 850
492 948
83 981
1847 1208
706 178
306 267
114 1910
470 1358
617 946
304 1656
1663 1637
1898 1734
656 508
1012 1113
280 724
1104 613
73 1962
979 377
269 1147
1631 1753
1633 739
520 1194
1597 1424
871 958
1320 948
18 1401
517 392
613 1580
1356 1940
594 1868
1670 463
1649 1134
425 1871
1891 1650
1217 10
654 525
1901 1494
392 34
970 546
187 121
1565 1589
971 865
1160 110
775 109
1694 1323
1534 474
414 1494
423 875
1077 1357
1627 1222
1574 172
839 39
183 417
530 1890
606 896
12 1895
1938 1516
1321 1684
1227 1578
460 1972
1487 1635
1581 526
1194 30
1295 1258
1419 212
1443 312
706 628
593 1926
1226 726
733 981
1296 1392
61 1009
1377 124
522 240
1052 1815
1180 1292
1151 52
973 677
417 1626
465 261
739 849
1007 1719
430 376
1825 1581
327 659
1497 1193
225 829
822 1348
553 879
1468 227
1424 431
277 406
500 1272
1601 1930
698 1077
549 1294
1127 1652
59 1577
670 151
1224 1084
1020 1015
1219 177
695 895
1664 1600
1118 1117
1723 1617
1754 1568
587 575
913 122
157 716
582 142
962 8
440 1305
1170 1406
1201 719
1620 962
317 1135
1752 894
1235 610
831 363
1851 1847
1451 1110
1549 1447
234 1748
1223 88
771 932
959 1256
1345 702
1723 889
1819 1494
886 1107
1392 500
946 1401
1365 744
756 474
1917 1775
1695 866
864 491
791 1940
1756 59
1897 97
1309 1563
22 1085
899 1519
1720 1392
148 53
1776 876
833 1797
1193 903
8 374
766 303
630 1581
1186 1725
1669 425
1158 1185
399 1421
1114 260
1056 872
53 1853
1775 581
1555 162
1048 745
1452 470
1631 400
263 1547
919 1370
201 1959
582 1579
996 29
1501 1656
930 1581
420 362
151 45
1170 454
1157 1093
15 1808
1861 1966
1173 1878
1086 1030
1052 26
379 1710
1432 1951
1772 1301
187 879
1608 1537
1036 202
478 1123
88 574
509 1596
1123 762
123 1846
1879 155
1674 722
1431 657
971 579
194 527
656 36
216 347
813 584
257 1860
1557 600
1236 1513
1533 475
910 162
1266 1806
1108 1507
173 1537
1896 55
1224 466
1408 833
1561 557
1571 576
114 1914
1289 1735
1859 638
694 460
927 343
842 455
121 1711
1580 1612
809 1690
1483 1545
438 434
938 764
481 840
550 118
1175 1598
274 687
842 1588
1820 1782
1805 734
1220 46
1903 620
850 975
1362 342
1070 438
1142 115
735 1177
734 267
1874 1580
1390 696
1006 1881
43 272
1355 1638
1975 620
1375 1986
197 1305
537 595
783 1495
176 883
1082 1827
1151 599
1305 951
377 6
1790 1595
396 1661
231 725
606 379
470 24
1357 1122
53 1473
1280 503
1083 1934
582 1857
1563 41
637 1829
687 786
1951 94
1622 1630
1630 1154
1506 1219
717 483
1139 1913
1692 639
144 68
83 429
1865 1805
1387 940
287 1197
679 1568
363 900
1999 1447
1501 488
1205 320
244 1572
1076 1430
1319 969
988 1629
152 1132
558 607
1681 562
1216 409
1245 1548
1685 1708
813 867
105 1614
1654 335
470 163
1979 958
39 59
1945 523
1748 744
1177 737
1491 1042
498 1777
4 382
1556 175
1133 1210
1292 670
270 953
1353 1328
128 1873
1082 1771
1300 405
1455 1621
1384 934
1847 328
488 785
308 158
774 923
261 1872
1924 1335
389 856
1344 998
1747 1895
1967 1383
576 1943
836 537
146 362
1757 1942
1596 903
381 1281
1294 1788
1804 1655
687 1983
217 1565
1293 256
1938 1851
1487 190
680 1832
1526 429
707 1414
1617 1925
638 1526
1545 1357
125 307
1879 1551
1641 1959
1981 465
325 494
1893 1064
563 1429
1501 872
940 53
329 232
280 1359
1474 40
776 1589
1704 18
968 1486
1266 662
374 1698
1821 27
415 227
1841 409
158 935
1765 761
1761 832
272 1219
194 803
1254 131
516 304
1683 1474
1113 411
1544 1708
1759 1805
672 1792
1172 215
1229 1513
1143 1480
509 305
1184 1049
1511 1209
383 848
1785 307
760 1580
989 63
1733 566
585 200
1585 442
1174 1391
663 893
1303 198
363 1761
1991 177
1089 797
1829 1712
569 1860
531 1465
711 1513
96 50
804 1123
888 1722
1820 1816
365 377
1372 612
380 76
1900 1041
618 475
1919 1943
763 781
58 1582
1467 152
551 461
1895 1617
429 1627
991 286
1460 1456
992 1001
1239 411
384 1970
1513 670
308 1985
120 1357
1245 1297
879 199
1702 1783
167 419
1969 137
1829 1799
618 1218
805 815
1837 315
1129 1024
1915 1966
1472 496
160 1778
279 371
1324 1445
780 1577
558 1954
115 608
1621 608
1945 1852
95 211
1010 160
1282 910
282 110
301 1860
1635 20
684 6
605 708
1777 624
49 993
544 1416
1624 1081
1061 1985
1638 203
1507 22
1013 1295
851 183
1698 1857
1800 356
1089 1801
499 10
674 295
1528 1691
647 581
1293 520
168 415
1476 524
1053 764
487 1795
519 693
806 1505
231 1378
1349 1230
209 1387
632 974
984 1270
553 911
1388 1164
1938 688
607 662
1158 816
1175 977
1492 1377
29 290
1860 1751
27 521
1439 1740
1364 1777
1136 1005
1011 1684
655 975
1159 1539
649 1899
172 1974
1990 1466
742 222
1021 1460
1834 1447
1293 417
101 365
248 774
332 388
765 1258
1002 1310
719 310
437 1992
736 848
8 1750
933 319
37 632
1694 1593
10 811
1905 1458
1207 553
1574 664
1907 1802
814 869
1439 1514
1087 595
448 67
1313 1867
560 253
1670 883
956 368
226 1400
1322 1437
1199 1571
1896 1417
1341 158
435 888
471 1873
107 1920
292 193
552 189
1013 828
1603 198
417 1550
1988 546
1043 1365
1688 811
1766 443
1638 4
1167 757
122 1046
1331 703
120 27
1464 951
205 729
1842 416
188 1150
685 1302
673 45
1397 115
1252 388
386 1528
1717 622
723 326
1196 1661
1079 1884
842 890
1597 628
311 343
1544 1452
1925 1238
72 387
1457 1515
327 1761
782 977
1144 1228
1813 535
1901 1239
723 323
964 991
1458 1959
1343 1748
1527 1452
1133 8
1541 121
1899 469
730 1381
1576 1213
1507 1154
398 1469
415 680
1647 827
1475 1788
1186 1864
247 1706
38 627
702 1331
79 757
1146 727
440 738
441 842
502 1465
1369 11
1908 1502
1843 1373
1080 1836
1002 564
1970 1401
1587 40
1108 1955
205 787
414 401
1665 1999
159 457
1390 1043
882 1482
903 239
1184 261
604 432
1027 1784
524 856
1414 707
948 1608
1904 987
835 732
1136 1757
525 564
1954 328
233 1623
230 1244
1370 1132
1304 285
679 164
1655 1126
679 1410
720 590
1501 1224
1349 1967
802 710
1504 763
1160 1964
1928 1927
101 1600
382 544
985 69
823 855
768 1678
927 869
274 1421
1237 557
1320 1789
812 242
683 1802
1541 1152
1067 987
288 1107
1033 832
1281 1503
1232 1427
1750 1985
970 19
1023 1865
574 217
1818 1793
200 534
791 1357
119 545
1793 612
1079 969
1518 1830
498 1549
1657 1190
768 808
1426 872
652 117
993 1611
1441 1731
707 1268
763 801
1922 737
1258 978
1046 1194
163 1583
1910 1084
773 1787
1232 769
1307 1762
484 148
135 630
1698 594
1626 1050
134 1815
1068 591
599 371
1569 1601
1396 410
873 1592
1011 1128
900 1512
379 539
1069 851
414 1864
884 1611
644 991
1127 441
1399 1397
495 6
1291 911
1538 1882
1453 318
1123 1003
1980 1808
873 1937
180 1899
293 249
143 1818
1946 1075
1775 281
776 330
335 128
1448 197
162 1661
1247 337
814 1195
630 807
1856 1325
343 1666
15 850
1142 1075
523 1865
12 29
1380 973
157 556
1223 1353
6 952
1376 1362
1938 211
1266 294
309 1682
1396 9
1296 1644
735 765
1658 1003
1903 1404
1846 955
1950 175
1627 1963
152 1711
1784 1987
116 1277
1251 1290
683 1220
1999 790
242 311
836 1262
1660 1269
714 278
1066 957
1899 850
19 1298
643 1968
176 501
46 1488
1720 481
1249 1711
347 844
476 796
78 256
236 1662
1639 639
479 487
266 1100
1606 91
356 898
1346 870
1633 1001
1590 384
58 1127
594 1986
97 1089
1235 1727
968 500
1464 1540
1788 210
1883 1223
1831 1623
1156 714
1812 169
1752 162
881 1935
235 1671
424 1070
866 1593
1128 1626
333 199
1303 126
688 241
489 419
681 415
1923 1798
452 268
961 889
501 1183
993 1420
1613 1042
26 1250
956 432
306 1892
964 902
1906 90
719 302
134 275
1992 1432
1594 769
1043 1947
427 795
964 793
1166 94
484 558
1321 666
870 742
1592 1154
1129 545
547 1272
1780 796
1697 246
1540 106
400 1643
1781 1414
1775 217
1302 1892
1011 868
275 137
1798 1432
737 1766
1586 1692
504 960
1459 1615
395 385
1281 1063
268 564
1078 425
504 1115
526 1586
1740 1723
908 1550
1059 1420
1097 79
1018 317
1157 30
721 51
1071 1528
22 1599
952 1256
749 1076
1704 1648
687 633
14 657
1059 210
276 1800
16 170
72 555
1442 786
1914 1586
129 283
1587 1587
1731 1659
1585 199
1719 571
1269 703
1653 1596
441 1298
148 237
226 1021
1928 1994
563 327
747 198
931 1190
890 1330
1723 1617
1129 1307
1183 1539
1374 433
1146 1489
1131 871
155 1036
1479 1146
1084 876
1874 384
385 1887
545 1249
900 1986
308 1413
912 1527
950 1642
185 971
1349 854
1968 260
596 759
673 1298
1685 1948
1619 1167
104 1133
429 1790
94 1966
31 411
269 1758
1399 757
745 1423
655 1775
1220 1676
975 1085
1768 592
1567 1824
144 1786
1190 1113
1325 1238
743 703
312 1611
896 1872
1063 1896
827 365
703 219
1243 1871
1600 1249
1529 738
1797 1965
916 443
1779 947
1648 1177
1148 580
560 1138
1992 1761
1517 1076
588 1542
145 1104
1779 469
675 1465
1753 715
540 1169
27 701
1156 1510
1585 1693
706 593
472 1815
299 1505
446 953
1037 1149
1822 1120
454 822
1846 1459
196 1128
1752 1216
1657 876
299 1193
903 536
263 435
515 1119
1621 493
152 1344
515 876
623 1980
1009 937
923 1885
742 441
757 802
698 243
162 1385
1334 1992
1123 679
1083 1894
1386 1552
193 277
1609 1454
1067 568
1598 1150
1052 854
1432 1508
1401 190
141 344
194 287
1174 331
937 1582
296 881
272 1182
1433 1256
1236 1530
1415 70
1311 1333
546 1445
1520 597
826 1912
14 1833
1501 1177
1983 1535
1945 366
1870 1269
547 1584
781 1332
1641 1281
1501 1247
223 815
861 661
232 1026
740 1562
1964 1759
1577 435
55 1823
926 59
923 1865
939 1646
1667 721
83 1951
1673 1043
586 1599
417 1861
1793 1155
614 294
916 673
1207 1201
1380 58
1804 91
844 1381
1963 1198
592 1490
1720 1954
429 1740
1181 1960
1555 182
1979 965
495 415
1250 888
789 425
457 186
382 45
714 1693
1642 1081
1312 1996
1966 366
1790 61
1489 1659
1635 1219
336 1992
1323 781
602 805
1627 618
105 1663
92 138
1549 1933
1108 736
1231 496
1028 709
544 217
1936 1436
1309 539
1290 814
4 868
56 1284
17 275
665 1912
1610 1459
1188 1348
633 832
734 1906
650 1210
707 775
420 308
1721 1507
1199 1957
461 207
1190 1710
600 1136
1578 1238
893 115
915 572
1647 1343
751 339
1995 626
1614 1685
419 1080
1098 856
209 1489
1645 165
1076 151
441 1973
815 744
1746 1003
1283 540
133 1253
1886 852
1812 668
282 1387
1568 562
1704 1596
812 964
809 1045
16 1709
261 578
361 1031
512 1011
56 1960
999 1197
342 506
1523 1544
1907 1284
787 580
57 378
940 809
262 66
121 1936
807 926
437 1136
106 1952
330 1967
600 1036
1616 1515
446 599
1677 1312
480 1636
1124 910
587 254
935 23
1431 1173
1777 757
1894 1216
665 471
12 476
1325 507
209 75
1450 792
1606 563
1188 29
200 736
3 1315
31 1275
1197 108
1696 1509
1716 677
675 1024
557 519
1092 1544
657 1115
972 254
1225 167
1137 1748
1796 870
1536 1413
642 41
1678 603
981 362
219 808
711 1776
182 367
423 1668
1120 951
420 749
662 1624
291 865
1771 29
869 73
383 127
568 988
11 1230
1624 1957
639 1259
660 1179
624 477
1686 601
1865 32
1747 362
291 1179
991 1000
687 431
623 718
35 310
1224 219
557 1292
264 1376
1905 1336
1431 366
492 726
1920 1677
1404 985
1307 1505
412 1806
1571 1218
1894 1781
69 1233
1071 1381
586 62
800 1619
141 479
1109 185
379 1582
1980 1656
1019 1494
1486 959
1122 1463
1383 330
1728 450
1599 65
597 1839
1683 1613
1553 692
824 153
1713 1495
1011 1720
569 1843
1568 1467
151 1510
1315 1264
1391 1249
1540 887
23 44
538 1121
67 1352
752 1812
1456 1062
551 1184
300 1616
27 717
1220 208
1110 861
90 863
90 658
504 932
742 1173
1810 1811
257 653
1014 1872
900 1407
21 1338
760 1481
34 1537
882 641
1510 633
637 1504
1109 391
1449 1160
1071 536
1959 1949
1475 725
387 828
1880 7
955 772
1007 1623
997 1062
1712 1014
238 1596
1419 1347
1863 174
558 1269
1132 12
67 1179
722 366
1448 254
1263 1884
647 1779
600 1137
823 1620
611 955
1138 1645
219 1709
777 143
1708 292
276 1749
2 1152
1013 271
1874 1671
1104 1701
186 391
200 422
1215 64
1957 871
1413 982
1877 1685
350 558
1870 854
409 1605
210 1374
1791 458
66 977
1983 1571
1715 733
1491 258
1221 1544
683 1318
1173 1585
1440 484
1027 761
1028 6
615 1173
14 1631
1354 612
932 1412
1139 379
1112 1757
818 401
47 35
187 325
1993 59
933 1853
407 1407
252 93
690 269
1033 1935
823 276
161 418
1315 649
1779 932
802 588
1935 756
1605 222
234 846
1404 175
793 420
848 1798
1187 1646
1297 167
1420 1739
173 1299
116 1605
656 364
534 600
417 261
656 700
429 1199
1604 788
1327 460
1196 834
1482 1753
648 1901
1904 340
436 550
22 1984
1681 1719
1372 1601
790 1443
369 674
1779 208
585 1085
322 1211
78 87
2 575
1621 1382
1916 793
670 1160
281 1875
1912 863
1551 228
48 887
1257 1789
1090 605
89 1005
489 385
767 936
105 1623
359 1336
888 234
451 1732
1666 888
535 1515
1769 1297
87 886
390 390
169 552
1296 1255
1801 1200
1890 1234
1594 600
874 588
286 25
353 1391
1868 1275
420 81
1499 1085
795 619
851 995
1139 395
669 445
1798 1994
179 447
743 1196
926 463
945 1326
1771 19
985 1919
1480 1079
1734 126
1047 358
624 496
473 598
1991 553
1539 1800
530 1706
1660 128
938 500
1610 728
1058 1487
194 1152
980 856
1698 1615
55 1422
343 1759
449 1128
100 1470
1065 1592
1889 466
592 1452
157 1724
1490 1087
205 231
689 456
1338 890
1750 967
1196 1291
1944 1816
233 1958
1862 1066
319 1232
1402 918
1977 781
1193 1889
1947 971
849 1047
341 1965
679 1614
399 760
266 1527
771 94
17 1041
1995 615
1097 1974
1851 974
446 1217
379 266
1079 1001
1997 52
1237 1650
1870 1331
14 68
197 491
1878 513
1219 529
1912 1803
1536 498
1689 1286
109 1543
1795 1499
204 75
1733 1204
1261 1363
861 922
451 61
442 1162
488 1685
203 874
518 1056
296 1278
1511 537
536 389
760 1220
1177 1798
1818 997
1480 1138
735 1062
1903 1040
1392 1276
474 1326
1734 1364
147 1643
1892 876
363 268
1090 1616
796 53
860 957
277 1558
365 794
538 1130
913 927
11 1851
46 1948
1582 1126
1171 108
678 1273
705 615
642 722
1190 918
1284 250
944 269
1610 1197
902 353
1460 1342
891 56
157 1636
689 1026
458 1657
1401 240
1012 1567
1548 1213
1423 432
1375 1036
571 1097
1654 141
521 137
1572 481
1846 936
632 1445
1691 624
769 641
1181 218
1183 777
1393 1668
608 1390
1520 1747
606 1315
41 939
1735 133
1294 916
1435 1270
1876 1196
963 140
491 491
1851 1889
1880 85
917 717
623 1902
1429 708
150 367
386 232
339 688
415 1229
792 0
1604 1812
307 1539
777 207
385 1476
414 260
122 235
1509 97
1193 486
176 313
1063 842
1201 377
1571 1692
984 895
1111 893
679 1677
439 319
749 740
1875 655
1833 334
1165 182
1248 1921
307 867
603 1244
30 78
1450 51
95 466
595 1565
58 284
1614 556
1010 1948
1243 755
1162 957
1744 1062
286 1957
1785 1495
857 1399
177 236
230 1484
1947 1471
1096 1806
93 1453
883 1355
138 1980
1705 415
833 1034
947 1689
1194 983
1703 1100
1919 605
1114 1974
1664 1395
1438 593
1820 5
835 449
814 808
1129 1433
1183 1436
1240 1882
636 806
178 404
646 1704
707 1124
983 744
919 251
1306 488
1019 692
617 892
752 1080
120 381
1922 996
1301 293
1838 1453
174 97
869 1259
561 1355
114 19
1207 1427
1258 1366
1701 1373
1301 1783
312 76
1988 485
1269 609
266 199
1964 600
1895 1402
1924 1218
1311 656
1434 1500
1573 384
394 1723
569 667
171 1545
176 635
197 1141
1276 1354
388 1403
695 37
245 1258
1989 4
247 1714
1483 1761
913 1725
354 1460
776 1071
1779 1070
1799 1621
1592 1888
889 737
279 912
697 627
1015 896
23 146
159 62
1968 1668
661 938
168 911
1582 731
1895 1899
323 426
1197 109
1367 816
1990 1529
169 1778
1809 1
1789 966
40 1449
218 1114
775 241
363 320
764 1876
209 693
834 1545
120 1680
1654 603
1678 1343
188 1078
515 684
1295 1183
607 1009
833 1385
1696 337
213 387
560 25
145 916
274 51
1968 266
330 1653
1804 941
863 1939
990 437
770 1140
1351 1285
1271 526
1222 1063
224 1806
891 1451
305 704
1961 1408
251 1097
1048 764
126 708
1624 1154
1788 1045
591 318
222 1119
1168 282
1089 1148
782 1343
974 1207
226 195
946 1115
504 730
1404 750
1514 1484
1413 124
1893 1917
62 1413
159 1063
1895 1264
817 730
1862 1446
1613 1590
519 659
334 1273
898 1207
782 481
1872 1158
687 1862
384 946
242 1853
984 169
1987 662
1049 516
1041 1652
37 1584
187 443
700 1413
1149 1936
553 461
1497 182
1476 1628
483 509
1168 1046
1275 356
1680 1298
1654 961
69 983
1578 286
117 1994
61 1981
531 982
1989 981
1216 344
1808 817
1748 95
859 628
1581 1091
1481 377
808 1958
1656 1412
1461 1896
12 1738
51 350
1969 1737
710 626
891 1137
1520 1996
1421 1503
1089 1429
1679 544
1048 194
1188 503
933 129
1869 1233
273 1014
884 1221
1470 1955
257 1082
514 1228
748 314
691 1497
204 847
417 1774
1214 236
986 220
775 879
1174 1916
653 136
1252 1472
362 1403
1064 1798
1539 1818
807 660
1811 1852
622 2
1576 46
920 442
295 201
364 1882
991 992
1798 1385
496 1562
541 606
772 776
1473 603
1096 931
54 250
369 57
1851 1762
1592 1464
1699 1258
478 1178
1207 1167
921 885
369 456
1450 78
1210 805
639 1557
1140 1417
483 1385
634 840
820 1095
1381 1053
919 371
728 1492
1928 106
186 26
763 1376
1961 656
162 953
639 167
1060 1182
1700 1630
820 1834
469 1140
1412 759
1567 1423
125 1034
1419 667
145 310
1020 1530
836 333
1546 570
760 1959
443 971
121 1497
1910 701
943 1585
1753 1053
381 1763
621 20
1511 610
1367 109
1964 765
1597 506
367 908
1309 261
457 1035
45 553
1112 40
1483 134
265 631
575 1335
204 883
415 200
1486 764
131 1759
1635 1779
1652 819
1858 229
1469 1890
1892 632
1843 1465
993 414
872 856
71 645
1727 1398
461 415
978 512
331 671
1710 1312
1132 279
823 479
1869 1828
241 145
709 1791
843 1653
1646 1686
47 626
506 1712
1304 258
1903 1241
1610 857
1848 191
1256 994
1237 1213
113 132
566 1754
354 766
290 972
1319 469
994 1931
1325 309
368 1106
1714 1562
1067 38
1738 1892
319 343
1626 934
606 1450
626 1160
569 1891
1815 1271
1966 1741
839 1284
1112 125
1661 1440
1119 1606
40 1296
341 159
810 1472
313 767
42 814
1296 242
927 1393
1878 1044
1064 1508
291 116
1897 373
680 1788
1690 1112
561 1953
641 1971
1630 233
1158 1339
16 1503
673 973
1711 1869
1507 723
581 435
1109 1639
1905 1063
1926 1752
547 88
584 586
969 99
1011 834
1013 1240
1696 1578
252 842
1384 1101
1837 40
125 1243
1343 256
1274 934
62 1058
1029 1522
506 1592
64 1463
1601 75
1585 540
1123 1988
914 1295
459 899
195 410
1681 1133
1146 49
1536 291
568 381
1039 280
478 458
1063 1907
140 1775
68 760
1890 735
1155 1253
1694 244
1868 1746
1661 1126
826 1429
389 1984
625 1810
1077 1714
168 1550
831 993
1338 1504
428 372
1501 1765
679 1226
1293 62
1458 1732
1016 1141
416 590
889 545
1732 951
1729 33
673 295
595 373
281 948
1550 15
49 222
1987 1665
840 1467
1873 1065
23 236
708 1252
1217 914
833 39
1434 460
1086 1967
1421 549
1081 779
870 1010
0 1907
1464 381
829 334
279 1614
1422 523
1138 705
1612 752
1326 1679
733 1094
397 172
1671 1731
1191 1552
42 1112
1460 394
1376 839
886 1784
1382 407
968 502
517 1434
24 1876
1687 577
991 132
570 924
1657 1996
1782 1896
896 931
109 227
1822 156
1198 1666
1751 1937
500 162
1260 1401
55 728
1120 1265
501 1853
1154 1257
1772 1326
908 900
1295 1496
577 1951
1101 1984
1143 764
1783 163
1279 260
1853 839
1527 765
140 1860
1385 902
10 1963
232 910
1127 1384
103 1622
1014 1087
1146 1576
772 1986
856 758
1116 504
1919 374
128 1394
138 922
966 662
276 84
171 879
60 1496
356 373
1455 24
1457 1063
1873 1343
735 543
1861 1135
458 82
1934 381
1361 573
1722 794
1583 1231
1717 419
1246 196
162 675
389 143
1243 1283
420 1217
1364 220
1955 1438
586 855
320 1300
350 1995
317 741
128 1785
1715 137
812 1028
1629 852
133 1771
986 1378
734 1230
1052 1365
348 1939
775 1423
1409 683
705 1442
1158 426
125 357
1515 738
1744 1902
1791 1861
1127 921
1200 1788
1616 251
1393 247
409 1705
871 424
947 291
1896 166
818 1259
1518 29
802 425
61 642
804 780
1358 1444
1299 1414
1524 875
1437 239
908 1083
1951 484
554 1999
395 1979
1504 1423
1190 1118
1154 1618
1761 13
340 1838
1442 11
910 1336
642 173
681 1040
1125 580
9 777
923 1875
410 965
325 765
1613 1012
1869 1575
207 1583
1146 1547
926 1364
274 1928
1316 306
1922 1311
222 781
1169 340
1413 732
291 940
390 13
1759 1446
1516 1407
551 1858
1420 1509
1320 1956
200 1968
1639 295
240 536
569 524
389 645
1817 1205
640 1698
397 1473
1546 267
685 1188
798 480
674 613
1022 1937
1283 1628
1514 1163
758 742
1784 1740
1645 787
1719 112
1047 599
250 1808
376 906
776 93
492 475
823 53
1450 387
1825 1038
223 163
664 1858
1248 785
263 720
624 430
1500 993
393 1868
1504 1269
503 1643
549 1379
1938 1710
643 760
1346 1543
754 1935
629 1790
1901 1366
78 33
887 287
1394 1091
1897 1930
1459 1931
1183 1326
200 1327
647 150
927 448
1522 537
675 485
379 1575
63 1206
750 401
1747 1646
514 228
1873 234
180 991
503 374
561 612
65 858
149 1679
1922 507
581 1049
549 1157
211 194
1934 731
1248 433
322 1860
1222 1513
1108 181
1246 31
295 1897
387 524
827 1492
617 276
267 211
1297 1355
1302 1918
1568 223
148 524
1251 1768
1392 1868
1963 1144
748 1627
878 1443
1980 1443
1958 1016
1114 1233
596 1374
742 1635
1281 1431
245 200
391 520
507 1072
1953 333
229 302
381 1632
1994 1365
1538 797
848 254
1640 511
1418 1390
209 84
763 550
440 1823
867 648
1719 1398
117 157
1197 829
1995 1763
1334 1354
244 1404
270 1105
1014 1936
809 1731
1170 333
697 164
69 1139
528 990
542 1863
1417 1110
817 207
424 204
836 1877
757 1510
587 1984
819 251
1610 1557
1814 875
620 221
1855 1495
1854 18
1470 1562
1886 1552
1391 767
271 1088
1423 863
322 1191
968 1232
1593 1706
1874 1969
1941 1660
1221 1394
867 1218
336 624
119 1884
1234 1945
499 475
186 685
1102 121
878 665
619 929
668 1018
659 1017
526 1424
1695 994
916 69
1774 728
1120 954
654 1468
1421 779
630 1259
1961 465
634 94
1329 822
918 1627
80 1945
1255 1602
1075 265
136 594
1898 1393
1777 676
342 1044
233 1269
746 8
1981 1892
1208 405
856 969
686 1227
1730 292
395 661
316 86
1277 1732
1072 1056
544 1088
288 834
1137 157
811 1909
1533 1876
1270 310
691 251
1021 731
1830 710
23 75
1588 727
443 1500
319 1817
1151 1979
1503 1081
1748 296
1610 1344
1903 4
1787 1244
735 383
1081 1373
1861 1946
688 931
434 844
491 302
1062 157
1081 1103
1165 1969
1219 799
262 76
1196 1948
1308 178
1309 540
727 1267
439 239
1894 675
1696 1402
1240 542
916 87
128 1329
71 684
1993 883
488 1312
1106 701
1260 5
1408 1011
693 1864
1727 1105
1026 1393
203 820
325 1915
51 1114
1446 472
1734 1544
1909 1493
1675 383
871 959
1615 991
1593 1195
974 195
1512 652
856 1046
1145 1466
578 1325
1167 1278
1766 260
941 412
1131 901
1490 1133
475 1298
795 17
264 1506
135 1690
1069 1832
42 66
1071 489
1432 876
1219 1608
1053 216
567 1625
566 584
1327 1033
710 94
1565 873
446 1779
341 293
186 1299
1363 693
1902 1004
1459 147
1908 1450
340 904
707 948
1484 1512
1194 833
93 1302
153 99
1510 484
1573 107
98 654
290 327
218 69
1815 976
235 322
1704 489
1505 574
545 381
287 1856
1363 1493
54 1749
745 334
869 367
1687 267
9 462
497 108
1502 817
1154 554
983 1044
1261 525
1803 505
1027 1743
369 1668
1044 1170
1818 775
278 1961
1201 1345
839 731
857 460
1800 1857
64 1855
1036 644
1137 1946
701 1731
1483 1874
1164 1735
50 213
1329 470
740 616
399 1612
1957 1369
1757 423
872 1784
1362 1135
1283 675
1972 371
1664 1825
1963 1092
1608 1020
262 838
533 245
1003 1116
1023 745
1419 1190
1258 1450
1958 162
1704 1954
204 416
1118 1144
920 195
1623 1295
786 1978
1806 677
917 1386
1963 1856
188 1863
1279 1073
992 704
375 1237
1226 286
217 94
407 575
326 608
1169 1994
469 371
1826 286
1741 669
1310 545
513 107
978 1628
1278 645
78 722
774 1450
1062 1636
1651 1741
952 1887
1244 1718
673 1770
231 1203
655 1248
392 885
583 1394
1489 889
807 1561
1286 651
1740 458
534 694
1023 1061
539 874
532 1401
1180 1591
1332 1191
405 939
1511 343
56 623
289 524
913 909
1181 760
505 675
847 1170
1938 1809
795 292
630 1967
1052 1828
555 1906
251 76
878 1241
1423 1617
256 860
420 1337
907 419
516 248
1339 231
525 854
656 811
1423 709
1484 1003
258 1706
1768 1956
66 922
859 109
1124 679
264 20
438 260
1175 397
1363 228
1663 711
1308 9
832 531
1048 1017
805 1287
1586 1371
1786 1546
258 1828
1219 719
1016 957
1099 1493
832 60
1975 1220
631 549
1473 437
276 1034
180 328
1889 452
1270 1455
1443 243
1559 1516
1934 161
117 1902
1358 1845
798 90
245 1809
1359 1376
1378 1237
215 589
1727 171
357 576
856 1470
572 1373
1812 1511
82 1993
1270 817
305 520
146 1663
1824 902
1807 717
1105 967
1615 768
1999 1579
677 1142
627 591
1291 629
549 1719
1281 668
5 1757
1665 353
1962 1000
1430 1069
687 1106
847 142
1051 1032
1790 753
1015 144
504 20
1581 1579
952 740
1550 1165
1441 1138
1436 433
127 1502
623 1848
1118 1316
340 389
1681 1983
1941 588
679 1254
1473 7
1105 371
411 569
78 1892
574 1313
10 584
197 1587
1212 1714
76 806
1714 1748
273 814
1038 1946
411 418
1347 734
390 1005
1341 1336
24 547
908 421
1474 1227
1117 25
1259 1105
938 1569
1255 1474
1764 1551
1184 509
1795 1719
1655 1279
1271 349
1986 1548
1399 1991
881 413
1764 1471
1550 526
1314 561
271 1587
949 1408
496 309
1719 89
1901 1490
434 821
462 601
185 1621
1358 1372
187 1893
816 949
1798 518
443 818
905 1168
383 1047
1602 1282
1614 1100
315 347
1534 44
775 1777
1583 1908
81 205
392 640
551 1547
1196 1647
1416 799
444 1174
889 1838
589 803
24 675
1001 1634
223 295
260 1272
1545 1809
268 1508
1048 1288
965 744
1449 1806
1865 24
1739 852
1833 235
1633 1336
1189 1415
1567 119
585 1303
954 368
965 1646
452 635
318 380
753 756
351 46
1052 1274
1294 952
1183 1216
1424 490
343 1112
23 926
1281 519
985 562
1407 113
1518 630
983 915
1048 1158
1148 1855
1916 733
138 1966
1889 215
1192 801
1044 1847
1241 567
257 1907
111 323
351 1197
622 753
1009 358
588 910
1987 1975
1762 655
1348 877
874 1614
921 607
1398 1324
1891 413
1564 1694
1832 1200
47 1203
1400 330
345 144
814 1766
1666 492
326 1566
1084 719
1096 789
1547 1326
1027 1616
816 1116
316 119
1396 1488
1723 1659
190 1485
1078 558
437 372
13 1024
77 1525
1811 180
1589 1616
1655 720
1158 1398
1554 673
880 768
902 65
487 1781
1764 1164
1782 1532
1248 813
834 96
1642 989
739 1047
861 1771
1517 507
1851 1852
1082 1655
369 756
609 1954
728 1671
1840 668
583 1158
129 875
392 564
652 694
10 1449
1819 1878
1328 987
1059 1931
806 1995
202 768
1484 1836
80 1360
1720 16
1846 1227
656 1680
598 1167
676 1199
856 1479
1926 112
158 944
707 1183
1005 1248
1336 761
271 261
900 217
970 1039
1602 295
1143 32
1577 1357
294 602
1326 270
1996 49
116 1840
1536 552
1173 584
1634 1706
1070 0
204 707
1057 196
1209 715
1869 819
1839 1863
1127 1588
1182 1502
942 655
1778 241
756 1456
234 648
969 417
1055 397
1998 301
1474 1383
1126 5
1770 1758
854 504
1466 285
792 1560
1649 1629
1980 760
1599 1462
1646 487
137 1316
738 1233
689 474
1909 1156
885 458
1879 1657
1824 100
1656 838
1137 1133
1782 1759
667 241
24 1580
122 880
1768 1540
724 172
1236 1226
869 1188
1712 988
1097 1591
808 1133
689 1848
1994 250
1876 1668
1861 1870
1424 478
1563 1001
670 758
1664 53
1760 1344
1500 1091
20 1961
963 632
1201 1008
850 505
494 512
221 1988
1530 1459
325 1580
1205 481
1763 625
1601 254
1907 387
1977 1871
482 1356
248 1979
1475 1993
247 1275
1581 577
603 1488
432 253
1235 721
1771 1179
1714 1246
1077 205
1361 1400
1255 1368
229 869
428 674
285 1903
362 150
1315 864
1601 910
1558 936
1164 1687
331 1945
1183 804
1352 989
1985 1163
1511 906
379 1946
951 844
558 638
54 1238
1856 1923
1200 312
1655 113
1398 933
144 302
1980 281
433 1702
1849 1500
1319 337
1535 999
779 1942
969 32
1512 1906
1948 251
964 1773
884 1896
1886 1727
1144 1724
1214 267
1199 468
1135 1594
1006 1691
1020 1210
388 1960
1293 157
851 729
263 631
461 1261
1279 1506
1171 1388
727 1609
744 130
532 337
454 1620
1132 1111
1231 1979
268 306
53 687
914 11
492 1478
1225 705
785 1277
1562 1593
1234 808
638 1855
420 1675
204 1460
242 1729
1822 813
1604 1876
1712 773
1074 1197
1653 59
1558 870
136 1863
260 1056
1620 1835
1554 826
663 572
373 1334
903 1224
266 1970
154 75
1942 503
966 188
1167 386
590 1670
1780 1670
230 169
1692 1187
1258 1646
1422 642
837 764
328 1835
122 1647
1459 1916
1219 1780
492 240
611 426
1765 124
1972 805
1082 1743
492 362
517 1800
1828 359
1430 195
1064 788
854 34
405 859
1123 838
1846 1662
746 1118
873 1263
656 509
771 800
1313 1499
1714 1640
1004 1988
1687 1505
394 756
210 545
1417 1139
836 669
1184 16
1579 1216
1941 1740
1581 1354
563 907
67 1205
895 973
1480 1967
928 50
629 841
870 654
335 1328
80 1246
1611 251
1891 1645
1250 0
882 1182
1005 1919
687 1138
1128 1546
438 96
1831 1745
687 660
842 602
1436 430
1533 218
194 698
1605 1126
927 1288
799 711
1913 7
1937 85
470 1284
1968 574
250 67
1113 932
1799 222
1672 1555
1159 1969
1187 1481
1311 1890
1257 1601
1766 871
1886 313
1681 1147
1953 1870
1439 1850
16 1845
194 1323
1668 1072
1218 1544
1149 1
526 1925
1429 1179
1944 1296
1049 1807
