1000 3000
807 249
73 658
930 272
544 878
923 709
440 165
492 42
987 503
327 729
840 612
303 169
709 157
560 933
99 278
816 335
97 826
512 267
810 633
979 149
579 821
967 672
393 336
485 745
228 91
194 357
1 153
708 944
668 490
124 196
530 903
722 666
549 24
801 853
977 408
228 933
298 981
635 13
865 814
63 536
425 669
115 94
629 501
517 195
105 404
451 298
188 123
505 882
752 566
716 337
438 144
501 897
871 828
137 358
177 397
294 904
609 231
745 175
635 298
142 399
968 412
260 557
594 8
395 968
113 530
6 962
942 365
82 852
767 821
695 712
671 901
590 831
738 57
616 790
640 679
335 6
972 98
95 319
454 223
289 760
905 126
123 506
813 770
238 94
220 844
366 534
226 394
363 738
844 590
550 159
623 947
385 217
272 539
247 385
496 885
623 420
144 968
735 915
625 534
42 11
679 152
244 295
818 396
692 815
991 33
669 397
553 547
825 210
662 211
808 377
761 625
335 868
995 776
767 439
874 331
556 301
872 560
94 984
755 789
407 15
193 769
680 455
855 506
963 502
676 108
249 331
844 638
808 997
651 849
203 731
531 14
419 775
9 180
929 223
54 260
737 545
317 525
200 256
564 597
648 704
550 150
976 412
554 797
504 381
748 65
378 699
209 129
553 483
447 607
773 322
305 176
53 224
630 366
400 444
370 285
16 898
155 133
557 576
178 266
357 711
878 614
819 737
133 591
720 762
633 197
31 588
589 873
877 304
358 200
254 960
915 947
480 730
955 546
107 238
0 926
35 857
113 114
593 360
354 418
357 585
729 15
563 102
917 643
419 967
747 269
395 303
473 103
748 385
658 459
406 930
824 132
973 603
897 920
950 231
480 203
900 520
533 258
3 676
950 934
780 879
832 574
549 542
249 771
310 879
983 970
40 723
650 971
229 318
746 299
230 621
776 124
244 958
696 771
64 560
598 751
940 503
551 801
205 80
418 274
649 413
320 25
12 783
788 117
8 550
324 195
257 511
690 666
410 593
553 565
960 742
403 352
307 141
910 200
799 127
171 787
414 625
641 517
348 842
315 974
445 373
220 911
239 54
305 929
253 189
166 356
304 860
898 592
720 116
580 867
352 939
698 901
811 616
891 671
728 671
661 45
120 240
158 453
627 350
711 563
594 533
727 827
795 531
442 516
6 515
924 601
97 661
103 324
108 936
281 15
710 216
905 973
781 720
791 169
865 827
536 728
125 384
167 949
476 46
576 666
467 520
384 991
210 258
211 744
518 718
934 825
767 689
818 14
825 918
28 29
34 727
240 754
540 396
935 83
48 865
11 252
64 876
237 675
245 710
415 192
710 747
37 299
447 715
693 579
129 164
979 501
525 289
958 33
800 89
670 217
846 38
543 338
936 321
719 496
247 788
359 987
35 235
912 684
989 784
734 667
519 615
45 976
661 825
819 631
903 698
798 639
4 503
679 765
391 107
924 365
121 454
106 450
703 832
32 141
654 977
217 900
289 465
747 622
879 317
516 48
762 29
39 708
903 657
761 752
466 621
557 996
955 930
494 555
221 312
293 427
232 444
791 198
152 856
570 303
439 914
799 766
835 921
43 752
86 719
150 410
623 669
605 943
311 431
992 816
699 971
639 370
836 891
857 833
328 177
410 683
176 489
91 434
711 904
26 891
790 522
364 890
884 813
441 127
179 784
537 870
561 581
165 802
732 332
854 759
847 377
462 10
819 150
377 941
836 720
299 112
759 956
390 152
48 14
44 918
150 101
295 821
731 501
245 961
57 510
928 805
173 137
669 96
503 421
675 518
300 489
262 54
263 643
889 250
735 415
364 494
963 758
652 92
316 714
420 60
450 368
741 847
196 787
501 234
128 571
448 875
253 871
329 293
719 471
820 764
79 630
410 80
113 342
138 382
44 828
393 575
980 0
596 947
370 87
543 733
852 261
824 400
380 778
857 423
498 14
845 662
509 610
849 218
290 55
743 555
385 534
275 321
151 226
251 459
783 714
437 879
698 100
137 285
878 284
342 915
960 67
140 707
566 728
562 363
969 890
623 278
313 761
10 840
978 0
394 507
656 551
786 431
544 739
776 584
252 108
514 454
19 28
671 370
663 947
24 543
854 8
981 552
288 163
359 19
379 356
461 487
353 899
788 244
880 466
283 274
236 909
567 834
939 684
651 549
266 467
110 589
327 773
581 295
936 874
435 231
972 28
798 70
587 297
89 646
90 111
612 463
112 781
951 230
321 213
128 950
600 959
754 992
194 330
632 559
777 779
632 272
383 81
153 622
521 956
818 591
900 196
120 704
599 129
144 175
870 416
599 80
618 288
452 128
800 662
840 149
385 583
515 659
878 959
561 382
48 54
440 381
770 28
251 544
869 595
469 710
172 923
125 219
850 431
243 846
869 670
394 610
392 64
524 361
519 620
562 661
725 434
949 90
322 260
93 928
122 381
366 468
23 722
639 517
793 364
178 956
771 341
355 836
489 728
120 902
312 616
347 946
851 672
811 523
736 605
607 633
866 553
412 925
40 153
257 733
295 139
251 258
694 160
138 929
875 598
292 633
562 276
236 646
873 464
484 192
119 842
328 859
262 145
716 127
172 748
0 370
398 292
545 928
300 143
192 563
783 272
801 9
221 486
513 769
531 357
819 486
856 816
254 754
814 615
537 966
297 877
760 412
191 231
174 463
877 324
784 833
750 527
999 429
609 144
364 451
812 979
134 407
583 600
259 310
753 891
321 225
253 929
96 553
661 858
491 963
920 768
687 526
472 219
641 204
951 92
445 370
474 962
176 317
826 413
344 571
979 35
129 288
848 978
617 723
838 508
929 926
968 806
199 255
829 276
488 896
819 864
137 416
318 491
683 398
120 748
961 651
18 977
946 661
478 228
63 235
506 308
968 679
119 323
677 392
953 978
853 295
271 475
204 962
32 819
531 35
468 468
610 234
270 778
265 45
279 75
327 687
363 37
766 534
83 675
184 555
156 399
664 93
886 633
924 47
194 330
767 665
910 682
805 314
652 241
585 591
806 760
960 912
403 430
85 200
585 467
484 988
200 686
100 495
199 102
428 183
917 136
802 489
578 725
789 722
595 605
319 691
721 774
514 862
706 283
626 419
801 330
644 375
258 462
131 736
720 308
24 947
508 411
397 0
314 896
999 645
533 962
539 754
821 286
536 10
662 173
493 635
988 571
838 821
891 413
560 957
92 743
775 768
413 415
636 891
347 369
832 134
928 143
879 906
54 807
537 203
421 447
34 949
416 759
938 550
183 186
96 685
524 922
363 181
12 251
202 495
536 454
208 980
31 830
95 714
112 136
937 9
685 919
381 610
908 609
439 867
119 266
999 520
515 577
922 142
980 881
885 30
325 436
994 945
602 233
480 456
834 517
881 781
458 805
992 160
651 201
542 944
635 555
872 443
322 13
441 781
779 518
160 729
955 82
364 32
313 195
328 504
855 711
881 610
904 551
616 761
864 405
122 113
943 636
118 994
188 743
639 502
343 70
219 212
317 932
782 97
859 73
590 819
10 911
15 978
542 45
270 562
8 983
99 709
213 550
951 665
502 617
953 299
916 584
869 442
503 515
329 257
382 264
352 154
526 27
755 259
952 386
422 129
786 549
879 198
890 603
686 443
827 585
198 587
817 31
476 461
563 214
383 832
722 511
791 871
142 733
553 30
380 704
915 887
110 681
558 786
433 40
659 936
562 938
754 526
526 712
595 621
177 341
158 54
20 197
727 451
462 332
937 804
57 405
907 943
258 539
343 697
281 965
457 605
117 412
624 184
459 299
216 740
851 846
922 893
615 49
361 649
231 796
123 696
444 250
238 431
359 935
265 801
387 437
948 120
424 894
775 903
989 286
845 143
257 332
261 578
104 202
31 220
686 630
643 367
648 844
317 749
125 273
863 416
680 348
979 957
814 705
189 307
905 527
614 715
308 897
449 495
29 26
866 398
985 662
518 853
579 203
383 723
559 221
174 34
675 702
436 279
915 750
13 850
492 948
83 981
847 208
706 178
306 267
114 910
470 358
617 946
304 656
663 637
898 734
656 508
12 113
280 724
104 613
73 962
979 377
269 147
631 753
633 739
520 194
597 424
871 958
320 948
18 401
517 392
613 580
356 940
594 868
670 463
649 134
425 871
891 650
217 10
654 525
901 494
392 34
970 546
187 121
565 589
971 865
160 110
775 109
694 323
534 474
414 494
423 875
77 357
627 222
574 172
839 39
183 417
530 890
606 896
12 895
938 516
321 684
227 578
460 972
487 635
581 526
194 30
295 258
419 212
443 312
706 628
593 926
226 726
733 981
296 392
61 9
377 124
522 240
52 815
180 292
151 52
973 677
417 626
465 261
739 849
7 719
430 376
825 581
327 659
497 193
225 829
822 348
553 879
468 227
424 431
277 406
500 272
601 930
698 77
549 294
127 652
59 577
670 151
224 84
20 15
219 177
695 895
664 600
118 117
723 617
754 568
587 575
913 122
157 716
582 142
962 8
440 305
170 406
201 719
620 962
317 135
752 894
235 610
831 363
851 847
451 110
549 447
234 748
223 88
771 932
959 256
345 702
723 889
819 494
886 107
392 500
946 401
365 744
756 474
917 775
695 866
864 491
791 940
756 59
897 97
309 563
22 85
899 519
720 392
148 53
776 876
833 797
193 903
8 374
766 303
630 581
186 725
669 425
158 185
399 421
114 260
56 872
53 853
775 581
555 162
48 745
452 470
631 400
263 547
919 370
201 959
582 579
996 29
501 656
930 581
420 362
151 45
170 454
157 93
15 808
861 966
173 878
86 30
52 26
379 710
432 951
772 301
187 879
608 537
36 202
478 123
88 574
509 596
123 762
123 846
879 155
674 722
431 657
971 579
194 527
656 36
216 347
813 584
257 860
557 600
236 513
533 475
910 162
266 806
108 507
173 537
896 55
224 466
408 833
561 557
571 576
114 914
289 735
859 638
694 460
927 343
842 455
121 711
580 612
809 690
483 545
438 434
938 764
481 840
550 118
175 598
274 687
842 588
820 782
805 734
220 46
903 620
850 975
362 342
70 438
142 115
735 177
734 267
874 580
390 696
6 881
43 272
355 638
975 620
375 986
197 305
537 595
783 495
176 883
82 827
151 599
305 951
377 6
790 595
396 661
231 725
606 379
470 24
357 122
53 473
280 503
83 934
582 857
563 41
637 829
687 786
951 94
622 630
630 154
506 219
717 483
139 913
692 639
144 68
83 429
865 805
387 940
287 197
679 568
363 900
999 447
501 488
205 320
244 572
76 430
319 969
988 629
152 132
558 607
681 562
216 409
245 548
685 708
813 867
105 614
654 335
470 163
979 958
39 59
945 523
748 744
177 737
491 42
498 777
4 382
556 175
133 210
292 670
270 953
353 328
128 873
82 771
300 405
455 621
384 934
847 328
488 785
308 158
774 923
261 872
924 335
389 856
344 998
747 895
967 383
576 943
836 537
146 362
757 942
596 903
381 281
294 788
804 655
687 983
217 565
293 256
938 851
487 190
680 832
526 429
707 414
617 925
638 526
545 357
125 307
879 551
641 959
981 465
325 494
893 64
563 429
501 872
940 53
329 232
280 359
474 40
776 589
704 18
968 486
266 662
374 698
821 27
415 227
841 409
158 935
765 761
761 832
272 219
194 803
254 131
516 304
683 474
113 411
544 708
759 805
672 792
172 215
229 513
143 480
509 305
184 49
511 209
383 848
785 307
760 580
989 63
733 566
585 200
585 442
174 391
663 893
303 198
363 761
991 177
89 797
829 712
569 860
531 465
711 513
96 50
804 123
888 722
820 816
365 377
372 612
380 76
900 41
618 475
919 943
763 781
58 582
467 152
551 461
895 617
429 627
991 286
460 456
992 1
239 411
384 970
513 670
308 985
120 357
245 297
879 199
702 783
167 419
969 137
829 799
618 218
805 815
837 315
129 24
915 966
472 496
160 778
279 371
324 445
780 577
558 954
115 608
621 608
945 852
95 211
10 160
282 910
282 110
301 860
635 20
684 6
605 708
777 624
49 993
544 416
624 81
61 985
638 203
507 22
13 295
851 183
698 857
800 356
89 801
499 10
674 295
528 691
647 581
293 520
168 415
476 524
53 764
487 795
519 693
806 505
231 378
349 230
209 387
632 974
984 270
553 911
388 164
938 688
607 662
158 816
175 977
492 377
29 290
860 751
27 521
439 740
364 777
136 5
11 684
655 975
159 539
649 899
172 974
990 466
742 222
21 460
834 447
293 417
101 365
248 774
332 388
765 258
2 310
719 310
437 992
736 848
8 750
933 319
37 632
694 593
10 811
905 458
207 553
574 664
907 802
814 869
439 514
87 595
448 67
313 867
560 253
670 883
956 368
226 400
322 437
199 571
896 417
341 158
435 888
471 873
107 920
292 193
552 189
13 828
603 198
417 550
988 546
43 365
688 811
766 443
638 4
167 757
122 46
331 703
120 27
464 951
205 729
842 416
188 150
685 302
673 45
397 115
252 388
386 528
717 622
723 326
196 661
79 884
842 890
597 628
311 343
544 452
925 238
72 387
457 515
327 761
782 977
144 228
813 535
901 239
723 323
964 991
458 959
343 748
527 452
133 8
541 121
899 469
730 381
576 213
507 154
398 469
415 680
647 827
475 788
186 864
247 706
38 627
702 331
79 757
146 727
440 738
441 842
502 465
369 11
908 502
843 373
80 836
2 564
970 401
587 40
108 955
205 787
414 401
665 999
159 457
390 43
882 482
903 239
184 261
604 432
27 784
524 856
414 707
948 608
904 987
835 732
136 757
525 564
954 328
233 623
230 244
370 132
304 285
679 164
655 126
679 410
720 590
501 224
349 967
802 710
504 763
160 964
928 927
101 600
382 544
985 69
823 855
768 678
927 869
274 421
237 557
320 789
812 242
683 802
541 152
67 987
288 107
33 832
281 503
232 427
750 985
970 19
23 865
574 217
818 793
200 534
791 357
119 545
793 612
79 969
518 830
498 549
657 190
768 808
426 872
652 117
993 611
441 731
707 268
763 801
922 737
258 978
46 194
163 583
910 84
773 787
232 769
307 762
484 148
135 630
698 594
626 50
134 815
68 591
599 371
569 601
396 410
873 592
11 128
900 512
379 539
69 851
414 864
884 611
644 991
127 441
399 397
495 6
291 911
538 882
453 318
123 3
980 808
873 937
180 899
293 249
143 818
946 75
775 281
776 330
335 128
448 197
162 661
247 337
814 195
630 807
856 325
343 666
15 850
142 75
523 865
12 29
380 973
157 556
223 353
6 952
376 362
938 211
266 294
309 682
396 9
296 644
735 765
658 3
903 404
846 955
950 175
627 963
152 711
784 987
116 277
251 290
683 220
999 790
242 311
836 262
660 269
714 278
66 957
899 850
19 298
643 968
176 501
46 488
720 481
249 711
347 844
476 796
78 256
236 662
639 639
479 487
266 100
606 91
356 898
346 870
633 1
590 384
58 127
594 986
97 89
235 727
968 500
464 540
788 210
883 223
831 623
156 714
812 169
752 162
881 935
235 671
424 70
866 593
128 626
333 199
303 126
688 241
489 419
681 415
923 798
452 268
961 889
501 183
993 420
613 42
26 250
956 432
306 892
964 902
906 90
719 302
134 275
992 432
594 769
43 947
427 795
964 793
166 94
484 558
321 666
870 742
592 154
129 545
547 272
780 796
697 246
540 106
400 643
781 414
775 217
302 892
11 868
275 137
798 432
737 766
586 692
504 960
459 615
395 385
281 63
268 564
78 425
504 115
526 586
740 723
908 550
59 420
97 79
18 317
157 30
721 51
71 528
22 599
952 256
749 76
704 648
687 633
14 657
59 210
276 800
16 170
72 555
442 786
914 586
129 283
587 587
731 659
585 199
719 571
269 703
653 596
441 298
148 237
226 21
928 994
563 327
747 198
931 190
890 330
723 617
129 307
183 539
374 433
146 489
131 871
155 36
479 146
84 876
874 384
385 887
545 249
900 986
308 413
912 527
950 642
185 971
349 854
968 260
596 759
673 298
685 948
619 167
104 133
429 790
94 966
31 411
269 758
399 757
745 423
655 775
220 676
975 85
768 592
567 824
144 786
190 113
325 238
743 703
312 611
896 872
63 896
827 365
703 219
243 871
600 249
529 738
797 965
916 443
779 947
648 177
148 580
560 138
992 761
517 76
588 542
145 104
779 469
675 465
753 715
540 169
27 701
156 510
585 693
706 593
472 815
299 505
446 953
37 149
822 120
454 822
846 459
196 128
752 216
657 876
299 193
903 536
263 435
515 119
621 493
152 344
515 876
623 980
9 937
923 885
742 441
757 802
698 243
162 385
334 992
123 679
83 894
386 552
193 277
609 454
67 568
598 150
52 854
432 508
401 190
141 344
194 287
174 331
937 582
296 881
272 182
433 256
236 530
415 70
311 333
546 445
520 597
826 912
14 833
501 177
983 535
945 366
870 269
547 584
781 332
641 281
501 247
223 815
861 661
232 26
740 562
964 759
577 435
55 823
926 59
923 865
939 646
667 721
83 951
673 43
586 599
417 861
793 155
614 294
916 673
207 201
380 58
804 91
844 381
963 198
592 490
720 954
429 740
181 960
555 182
979 965
495 415
250 888
789 425
457 186
382 45
714 693
642 81
312 996
966 366
790 61
489 659
635 219
336 992
323 781
602 805
627 618
105 663
92 138
549 933
108 736
231 496
28 709
544 217
936 436
309 539
290 814
4 868
56 284
17 275
665 912
610 459
188 348
633 832
734 906
650 210
707 775
420 308
721 507
199 957
461 207
190 710
600 136
578 238
893 115
915 572
647 343
751 339
995 626
614 685
419 80
98 856
209 489
645 165
76 151
441 973
815 744
746 3
283 540
133 253
886 852
812 668
282 387
568 562
704 596
812 964
809 45
16 709
261 578
361 31
512 11
56 960
999 197
342 506
523 544
907 284
787 580
57 378
940 809
262 66
121 936
807 926
437 136
106 952
330 967
600 36
616 515
446 599
677 312
480 636
124 910
587 254
935 23
431 173
777 757
894 216
665 471
12 476
325 507
209 75
450 792
606 563
188 29
200 736
3 315
31 275
197 108
696 509
716 677
675 24
557 519
92 544
657 115
972 254
225 167
137 748
796 870
536 413
642 41
678 603
981 362
219 808
711 776
182 367
423 668
120 951
420 749
662 624
291 865
771 29
869 73
383 127
568 988
11 230
624 957
639 259
660 179
624 477
686 601
865 32
747 362
291 179
991 0
687 431
623 718
35 310
224 219
557 292
264 376
905 336
431 366
492 726
920 677
404 985
307 505
412 806
571 218
894 781
69 233
71 381
586 62
800 619
141 479
109 185
379 582
980 656
19 494
486 959
122 463
383 330
728 450
599 65
597 839
683 613
553 692
824 153
713 495
11 720
569 843
568 467
151 510
315 264
391 249
540 887
23 44
538 121
67 352
752 812
456 62
551 184
300 616
27 717
220 208
110 861
90 863
90 658
504 932
742 173
810 811
257 653
14 872
900 407
21 338
760 481
34 537
882 641
510 633
637 504
109 391
449 160
71 536
959 949
475 725
387 828
880 7
955 772
7 623
997 62
712 14
238 596
419 347
863 174
558 269
132 12
67 179
722 366
448 254
263 884
647 779
600 137
823 620
611 955
138 645
219 709
777 143
708 292
276 749
2 152
13 271
874 671
104 701
186 391
200 422
215 64
957 871
413 982
877 685
350 558
870 854
409 605
210 374
791 458
66 977
983 571
715 733
491 258
221 544
683 318
173 585
440 484
27 761
28 6
615 173
14 631
354 612
932 412
139 379
112 757
818 401
47 35
187 325
993 59
933 853
407 407
252 93
690 269
33 935
823 276
161 418
315 649
779 932
802 588
935 756
605 222
234 846
404 175
793 420
848 798
187 646
297 167
420 739
173 299
116 605
656 364
534 600
417 261
656 700
429 199
604 788
327 460
196 834
482 753
648 901
904 340
436 550
22 984
681 719
372 601
790 443
369 674
779 208
585 85
322 211
78 87
2 575
621 382
916 793
670 160
281 875
912 863
551 228
48 887
257 789
90 605
89 5
489 385
767 936
105 623
359 336
888 234
451 732
666 888
535 515
769 297
87 886
390 390
169 552
296 255
801 200
890 234
594 600
874 588
286 25
353 391
868 275
420 81
499 85
795 619
851 995
139 395
669 445
798 994
179 447
743 196
926 463
945 326
771 19
985 919
480 79
734 126
47 358
624 496
473 598
991 553
539 800
530 706
660 128
938 500
610 728
58 487
194 152
980 856
698 615
55 422
343 759
449 128
100 470
65 592
889 466
592 452
157 724
490 87
205 231
689 456
338 890
750 967
196 291
944 816
233 958
862 66
319 232
402 918
977 781
193 889
947 971
849 47
341 965
679 614
399 760
266 527
771 94
17 41
995 615
97 974
851 974
446 217
379 266
79 1
997 52
237 650
870 331
14 68
197 491
878 513
219 529
912 803
536 498
689 286
109 543
795 499
204 75
733 204
261 363
861 922
451 61
442 162
488 685
203 874
518 56
296 278
511 537
536 389
760 220
177 798
818 997
480 138
735 62
903 40
392 276
474 326
734 364
147 643
892 876
363 268
90 616
796 53
860 957
277 558
365 794
538 130
913 927
11 851
46 948
582 126
171 108
678 273
705 615
642 722
190 918
284 250
944 269
610 197
902 353
460 342
891 56
157 636
689 26
458 657
401 240
12 567
548 213
423 432
375 36
571 97
654 141
521 137
572 481
846 936
632 445
691 624
769 641
181 218
183 777
393 668
608 390
520 747
606 315
41 939
735 133
294 916
435 270
876 196
963 140
491 491
851 889
880 85
917 717
623 902
429 708
150 367
386 232
339 688
415 229
792 0
604 812
307 539
777 207
385 476
414 260
122 235
509 97
193 486
176 313
63 842
201 377
571 692
984 895
111 893
679 677
439 319
749 740
875 655
833 334
165 182
248 921
307 867
603 244
30 78
450 51
95 466
595 565
58 284
614 556
10 948
243 755
162 957
744 62
286 957
785 495
857 399
177 236
230 484
947 471
96 806
93 453
883 355
138 980
705 415
833 34
947 689
194 983
703 100
919 605
114 974
664 395
438 593
820 5
835 449
814 808
129 433
183 436
240 882
636 806
178 404
646 704
707 124
983 744
919 251
306 488
19 692
617 892
752 80
120 381
922 996
301 293
838 453
174 97
869 259
561 355
114 19
207 427
258 366
701 373
301 783
312 76
988 485
269 609
266 199
964 600
895 402
924 218
311 656
434 500
573 384
394 723
569 667
171 545
176 635
197 141
276 354
388 403
695 37
245 258
989 4
247 714
483 761
913 725
354 460
776 71
779 70
799 621
592 888
889 737
279 912
697 627
15 896
23 146
159 62
968 668
661 938
168 911
582 731
895 899
323 426
197 109
367 816
990 529
169 778
809 1
789 966
40 449
218 114
775 241
363 320
764 876
209 693
834 545
120 680
654 603
678 343
188 78
515 684
295 183
607 9
833 385
696 337
213 387
560 25
145 916
274 51
968 266
330 653
804 941
863 939
990 437
770 140
351 285
271 526
222 63
224 806
891 451
305 704
961 408
251 97
48 764
126 708
624 154
788 45
591 318
222 119
168 282
89 148
782 343
974 207
226 195
946 115
504 730
404 750
514 484
413 124
893 917
62 413
159 63
895 264
817 730
862 446
613 590
519 659
334 273
898 207
782 481
872 158
687 862
384 946
242 853
984 169
987 662
49 516
41 652
37 584
187 443
700 413
149 936
553 461
497 182
476 628
483 509
168 46
275 356
680 298
654 961
69 983
578 286
117 994
61 981
531 982
989 981
216 344
808 817
748 95
859 628
581 91
481 377
808 958
656 412
461 896
12 738
51 350
969 737
710 626
891 137
520 996
421 503
89 429
679 544
48 194
188 503
933 129
869 233
273 14
884 221
470 955
257 82
514 228
748 314
691 497
204 847
417 774
214 236
986 220
775 879
174 916
653 136
252 472
362 403
64 798
539 818
807 660
811 852
622 2
576 46
920 442
295 201
364 882
991 992
798 385
496 562
541 606
772 776
473 603
96 931
54 250
369 57
851 762
592 464
699 258
478 178
207 167
921 885
369 456
450 78
210 805
639 557
140 417
483 385
634 840
820 95
381 53
919 371
728 492
928 106
186 26
763 376
961 656
162 953
639 167
60 182
700 630
820 834
469 140
412 759
567 423
125 34
419 667
145 310
20 530
836 333
546 570
760 959
443 971
121 497
910 701
943 585
753 53
381 763
621 20
511 610
367 109
964 765
597 506
367 908
309 261
457 35
45 553
112 40
483 134
265 631
575 335
204 883
415 200
486 764
131 759
635 779
652 819
858 229
469 890
892 632
843 465
993 414
872 856
71 645
727 398
461 415
978 512
331 671
710 312
132 279
823 479
869 828
241 145
709 791
843 653
646 686
47 626
506 712
304 258
903 241
610 857
848 191
256 994
237 213
113 132
566 754
354 766
290 972
319 469
994 931
325 309
368 106
714 562
67 38
738 892
319 343
626 934
606 450
626 160
569 891
815 271
966 741
839 284
112 125
661 440
119 606
40 296
341 159
810 472
313 767
42 814
296 242
927 393
878 44
64 508
291 116
897 373
680 788
690 112
561 953
641 971
630 233
158 339
16 503
673 973
711 869
507 723
581 435
109 639
905 63
926 752
547 88
584 586
969 99
11 834
13 240
696 578
252 842
384 101
837 40
125 243
343 256
274 934
62 58
29 522
506 592
64 463
601 75
585 540
123 988
914 295
459 899
195 410
681 133
146 49
536 291
568 381
39 280
478 458
63 907
140 775
68 760
890 735
155 253
694 244
868 746
661 126
826 429
389 984
625 810
77 714
168 550
831 993
338 504
428 372
501 765
679 226
293 62
458 732
16 141
416 590
889 545
732 951
729 33
673 295
595 373
281 948
550 15
49 222
987 665
840 467
873 65
23 236
708 252
217 914
833 39
434 460
86 967
421 549
81 779
870 10
0 907
464 381
829 334
279 614
422 523
138 705
612 752
326 679
733 94
397 172
671 731
191 552
42 112
460 394
376 839
886 784
382 407
968 502
517 434
24 876
687 577
991 132
570 924
657 996
782 896
896 931
109 227
822 156
198 666
751 937
500 162
260 401
55 728
120 265
501 853
154 257
772 326
908 900
295 496
577 951
101 984
143 764
783 163
279 260
853 839
527 765
140 860
385 902
10 963
232 910
127 384
103 622
14 87
146 576
772 986
856 758
116 504
919 374
128 394
138 922
966 662
276 84
171 879
60 496
356 373
455 24
457 63
873 343
735 543
861 135
458 82
934 381
361 573
722 794
583 231
717 419
246 196
162 675
389 143
243 283
420 217
364 220
955 438
586 855
320 300
350 995
317 741
128 785
715 137
812 28
629 852
133 771
986 378
734 230
52 365
348 939
775 423
409 683
705 442
158 426
125 357
515 738
744 902
